#! FIELDS d_NdeC5_2 ext13.bias der_d_NdeC5_2
#! SET min_d_NdeC5_2 -4.01671
#! SET max_d_NdeC5_2 4.01671
#! SET nbins_d_NdeC5_2 444
#! SET periodic_d_NdeC5_2 false
      -4.016710      66.948034       0.249946
      -3.999034      66.937787       0.897439
      -3.981358      66.909705       2.452165
      -3.963682      66.840502       5.756729
      -3.946005      66.688688      11.902134
      -3.928329      66.398370      21.457889
      -3.910653      65.908812      34.002240
      -3.892977      65.190211      47.000474
      -3.875301      64.261182      57.261639
      -3.857625      63.191907      62.787745
      -3.839949      62.056785      65.211056
      -3.822273      60.871120      69.462442
      -3.804596      59.557913      80.343038
      -3.786920      57.983889      98.467782
      -3.769244      56.061707     118.441241
      -3.751568      53.830603     132.154278
      -3.733892      51.455428     134.189149
      -3.716216      49.148873     124.695777
      -3.698540      47.088119     107.507574
      -3.680864      45.359626      87.772121
      -3.663187      43.973861      69.312376
      -3.645511      42.880570      55.021077
      -3.627835      41.988494      46.667708
      -3.610159      41.192872      43.821829
      -3.592483      40.420645      43.271038
      -3.574807      39.672905      40.485050
      -3.557131      39.011346      33.453119
      -3.539455      38.497175      24.553230
      -3.521778      38.119904      18.786731
      -3.504102      37.791277      19.221551
      -3.486426      37.411577      23.782106
      -3.468750      36.956590      26.722510
      -3.451074      36.499334      23.668590
      -3.433398      36.148318      15.270200
      -3.415722      35.957819       6.468803
      -3.398046      35.889269       2.066019
      -3.380369      35.848038       3.159516
      -3.362693      35.757201       6.993347
      -3.345017      35.603092       9.833262
      -3.327341      35.421709      10.014409
      -3.309665      35.256409       8.299233
      -3.291989      35.126018       6.379709
      -3.274313      35.019827       5.693906
      -3.256637      34.911480       6.592081
      -3.238960      34.774962       8.733606
      -3.221284      34.597639      11.125294
      -3.203608      34.384226      12.516649
      -3.185932      34.163597      11.799603
      -3.168256      33.976819       8.800665
      -3.150580      33.853902       4.878127
      -3.132904      33.794203       1.971000
      -3.115228      33.767260       1.228033
      -3.097551      33.736684       2.213207
      -3.079875      33.683491       3.555385
      -3.062199      33.610190       4.405887
      -3.044523      33.524850       5.066517
      -3.026847      33.423326       6.361730
      -3.009171      33.292550       8.303230
      -2.991495      33.128030       9.924017
      -2.973819      32.946879      10.016440
      -2.956142      32.781382       8.227756
      -2.938466      32.659105       5.292514
      -2.920790      32.590062       2.329797
      -2.903114      32.569584      -0.064476
      -2.885438      32.583996      -1.666047
      -2.867762      32.618493      -2.369775
      -2.850086      32.657426      -2.060301
      -2.832410      32.681033      -0.608595
      -2.814733      32.669633       1.761632
      -2.797057      32.613043       4.383618
      -2.779381      32.513882       6.418704
      -2.761705      32.390339       7.107371
      -2.744029      32.268600       6.091699
      -2.726353      32.181398       3.360067
      -2.708677      32.151910      -0.290212
      -2.691000      32.185002      -3.458776
      -2.673324      32.259036      -4.728091
      -2.655648      32.334140      -3.650837
      -2.637972      32.376741      -1.352389
      -2.620296      32.382772       0.153723
      -2.602620      32.381048      -0.576216
      -2.584944      32.411636      -3.266857
      -2.567268      32.492981      -6.016722
      -2.549591      32.609168      -6.898688
      -2.531915      32.717193      -5.144157
      -2.514239      32.777776      -1.819748
      -2.496563      32.781115       1.031537
      -2.478887      32.749994       1.921921
      -2.461211      32.720083       0.922928
      -2.443535      32.717492      -0.860679
      -2.425859      32.742055      -1.985417
      -2.408182      32.777358      -1.997509
      -2.390506      32.804079      -1.181988
      -2.372830      32.814708      -0.181268
      -2.355154      32.806746       0.900432
      -2.337478      32.777405       2.218706
      -2.319802      32.724283       3.444927
      -2.302126      32.658930       3.511414
      -2.284450      32.607631       1.701616
      -2.266773      32.604475      -1.655064
      -2.249097      32.660395      -4.695210
      -2.231421      32.753764      -5.651626
      -2.213745      32.841941      -4.245754
      -2.196069      32.895561      -2.042705
      -2.178393      32.917435      -0.925417
      -2.160717      32.934901      -1.454310
      -2.143041      32.967922      -2.449181
      -2.125364      33.011122      -2.362749
      -2.107688      33.038584      -0.765806
      -2.090012      33.030068       1.340277
      -2.072336      32.994007       2.306989
      -2.054660      32.954424       1.750859
      -2.036984      32.931711       0.620156
      -2.019308      32.922003       0.506654
      -2.001632      32.898777       2.227193
      -1.983955      32.830187       5.389340
      -1.966279      32.704991       8.376231
      -1.948603      32.539871       9.738035
      -1.930927      32.369478       9.099001
      -1.913251      32.220126       7.505406
      -1.895575      32.097097       6.258320
      -1.877899      31.989688       5.738241
      -1.860223      31.890948       5.112715
      -1.842546      31.810879       3.481843
      -1.824870      31.770023       0.889478
      -1.807194      31.774032      -1.320170
      -1.789518      31.801288      -1.660106
      -1.771842      31.817467      -0.194056
      -1.754166      31.804092       1.330227
      -1.736490      31.778366       0.864465
      -1.718814      31.785561      -2.292927
      -1.701137      31.860372      -6.380289
      -1.683461      31.996390      -8.597361
      -1.665785      32.135705      -6.687250
      -1.648109      32.203922      -0.808942
      -1.630433      32.149399       6.721899
      -1.612757      31.971191      12.766772
      -1.595081      31.714730      15.242968
      -1.577405      31.448600      14.004374
      -1.559728      31.226560      10.878086
      -1.542052      31.051844       9.175807
      -1.524376      30.871268      11.784819
      -1.506700      30.597880      19.543203
      -1.489024      30.157713      30.328434
      -1.471348      29.525418      40.530398
      -1.453672      28.743923      46.592452
      -1.435996      27.908872      46.608765
      -1.418319      27.121797      41.302840
      -1.400643      26.461508      32.703957
      -1.382967      25.964641      23.156009
      -1.365291      25.631847      14.619264
      -1.347615      25.420519       9.837189
      -1.329939      25.235267      12.062834
      -1.312263      24.933747      23.010601
      -1.294586      24.374893      40.417901
      -1.276910      23.495957      58.089351
      -1.259234      22.347574      70.348792
      -1.241558      21.034087      77.187137
      -1.223882      19.609856      84.223744
      -1.206206      18.011602      97.531607
      -1.188530      16.118536     116.627904
      -1.170854      13.900906     132.236102
      -1.153177      11.529559     132.167414
      -1.135501       9.353484     110.058037
      -1.117825       7.736474      70.565013
      -1.100149       6.877312      26.671760
      -1.082473       6.729731      -8.029700
      -1.064797       7.051097     -25.764593
      -1.047121       7.531434     -26.504550
      -1.029445       7.911419     -15.484326
      -1.011768       8.038834       0.968786
      -0.994092       7.866670      17.781510
      -0.976416       7.416164      32.138289
      -0.958740       6.745609      42.605206
      -0.941064       5.928626      48.562970
      -0.923388       5.047671      49.946091
      -0.905712       4.175389      47.936166
      -0.888036       3.354025      44.547540
      -0.870359       2.592530      41.221707
      -0.852683       1.891494      37.560188
      -0.835007       1.266620      32.324034
      -0.817331       0.754128      24.936466
      -0.799655       0.381656      16.724371
      -0.781979       0.149302       9.391701
      -0.764303       0.031982       3.755283
      -0.746627       0.000000      -0.283227
      -0.728950       0.026308      -2.766288
      -0.711274       0.078060      -3.105335
      -0.693598       0.116328      -1.322899
      -0.675922       0.115123       0.845300
      -0.658246       0.095439       0.293817
      -0.640570       0.127130      -5.230743
      -0.622894       0.301064     -15.446671
      -0.605218       0.674803     -27.120767
      -0.587541       1.237897     -36.048405
      -0.569865       1.907520     -38.929032
      -0.552189       2.568165     -35.317270
      -0.534513       3.122674     -27.659269
      -0.516837       3.532327     -19.823548
      -0.499161       3.834285     -15.340672
      -0.481485       4.091190     -13.932994
      -0.463809       4.318630     -10.818053
      -0.446132       4.428669       0.155496
      -0.428456       4.262357      19.700938
      -0.410780       3.749724      36.212548
      -0.393104       3.143632      25.649864
      -0.375428       3.158018     -37.386284
      -0.357752       4.832411    -161.241045
      -0.340076       9.096244    -324.146183
      -0.322400      16.245638    -478.718057
      -0.304723      25.668885    -574.160682
      -0.287047      36.023836    -582.286860
      -0.269371      45.774824    -509.654967
      -0.251695      53.762554    -389.546056
      -0.234019      59.506295    -261.881014
      -0.216343      63.152280    -155.559040
      -0.198667      65.202880     -81.873097
      -0.180991      66.226966     -38.249091
      -0.163314      66.681913     -15.859580
      -0.145638      66.861923      -5.811404
      -0.127962      66.925361      -1.851331
      -0.110286      66.945326      -0.472066
       0.110286      66.945326      -0.472066
       0.127962      66.925361      -1.851331
       0.145638      66.861923      -5.811404
       0.163314      66.681913     -15.859580
       0.180991      66.226966     -38.249091
       0.198667      65.202880     -81.873097
       0.216343      63.152280    -155.559040
       0.234019      59.506295    -261.881014
       0.251695      53.762554    -389.546056
       0.269371      45.774824    -509.654967
       0.287047      36.023836    -582.286860
       0.304723      25.668885    -574.160682
       0.322400      16.245638    -478.718057
       0.340076       9.096244    -324.146183
       0.357752       4.832411    -161.241045
       0.375428       3.158018     -37.386284
       0.393104       3.143632      25.649864
       0.410780       3.749724      36.212548
       0.428456       4.262357      19.700938
       0.446132       4.428669       0.155496
       0.463809       4.318630     -10.818053
       0.481485       4.091190     -13.932994
       0.499161       3.834285     -15.340672
       0.516837       3.532327     -19.823548
       0.534513       3.122674     -27.659269
       0.552189       2.568165     -35.317270
       0.569865       1.907520     -38.929032
       0.587541       1.237897     -36.048405
       0.605218       0.674803     -27.120767
       0.622894       0.301064     -15.446671
       0.640570       0.127130      -5.230743
       0.658246       0.095439       0.293817
       0.675922       0.115123       0.845300
       0.693598       0.116328      -1.322899
       0.711274       0.078060      -3.105335
       0.728950       0.026308      -2.766288
       0.746627       0.000000      -0.283227
       0.764303       0.031982       3.755283
       0.781979       0.149302       9.391701
       0.799655       0.381656      16.724371
       0.817331       0.754128      24.936466
       0.835007       1.266620      32.324034
       0.852683       1.891494      37.560188
       0.870359       2.592530      41.221707
       0.888036       3.354025      44.547540
       0.905712       4.175389      47.936166
       0.923388       5.047671      49.946091
       0.941064       5.928626      48.562970
       0.958740       6.745609      42.605206
       0.976416       7.416164      32.138289
       0.994092       7.866670      17.781510
       1.011768       8.038834       0.968786
       1.029445       7.911419     -15.484326
       1.047121       7.531434     -26.504550
       1.064797       7.051097     -25.764593
       1.082473       6.729731      -8.029700
       1.100149       6.877312      26.671760
       1.117825       7.736474      70.565013
       1.135501       9.353484     110.058037
       1.153177      11.529559     132.167414
       1.170854      13.900906     132.236102
       1.188530      16.118536     116.627904
       1.206206      18.011602      97.531607
       1.223882      19.609856      84.223744
       1.241558      21.034087      77.187137
       1.259234      22.347574      70.348792
       1.276910      23.495957      58.089351
       1.294586      24.374893      40.417901
       1.312263      24.933747      23.010601
       1.329939      25.235267      12.062834
       1.347615      25.420519       9.837189
       1.365291      25.631847      14.619264
       1.382967      25.964641      23.156009
       1.400643      26.461508      32.703957
       1.418319      27.121797      41.302840
       1.435996      27.908872      46.608765
       1.453672      28.743923      46.592452
       1.471348      29.525418      40.530398
       1.489024      30.157713      30.328434
       1.506700      30.597880      19.543203
       1.524376      30.871268      11.784819
       1.542052      31.051844       9.175807
       1.559728      31.226560      10.878086
       1.577405      31.448600      14.004374
       1.595081      31.714730      15.242968
       1.612757      31.971191      12.766772
       1.630433      32.149399       6.721899
       1.648109      32.203922      -0.808942
       1.665785      32.135705      -6.687250
       1.683461      31.996390      -8.597361
       1.701137      31.860372      -6.380289
       1.718814      31.785561      -2.292927
       1.736490      31.778366       0.864465
       1.754166      31.804092       1.330227
       1.771842      31.817467      -0.194056
       1.789518      31.801288      -1.660106
       1.807194      31.774032      -1.320170
       1.824870      31.770023       0.889478
       1.842546      31.810879       3.481843
       1.860223      31.890948       5.112715
       1.877899      31.989688       5.738241
       1.895575      32.097097       6.258320
       1.913251      32.220126       7.505406
       1.930927      32.369478       9.099001
       1.948603      32.539871       9.738035
       1.966279      32.704991       8.376231
       1.983955      32.830187       5.389340
       2.001632      32.898777       2.227193
       2.019308      32.922003       0.506654
       2.036984      32.931711       0.620156
       2.054660      32.954424       1.750859
       2.072336      32.994007       2.306989
       2.090012      33.030068       1.340277
       2.107688      33.038584      -0.765806
       2.125364      33.011122      -2.362749
       2.143041      32.967922      -2.449181
       2.160717      32.934901      -1.454310
       2.178393      32.917435      -0.925417
       2.196069      32.895561      -2.042705
       2.213745      32.841941      -4.245754
       2.231421      32.753764      -5.651626
       2.249097      32.660395      -4.695210
       2.266773      32.604475      -1.655064
       2.284450      32.607631       1.701616
       2.302126      32.658930       3.511414
       2.319802      32.724283       3.444927
       2.337478      32.777405       2.218706
       2.355154      32.806746       0.900432
       2.372830      32.814708      -0.181268
       2.390506      32.804079      -1.181988
       2.408182      32.777358      -1.997509
       2.425859      32.742055      -1.985417
       2.443535      32.717492      -0.860679
       2.461211      32.720083       0.922928
       2.478887      32.749994       1.921921
       2.496563      32.781115       1.031537
       2.514239      32.777776      -1.819748
       2.531915      32.717193      -5.144157
       2.549591      32.609168      -6.898688
       2.567268      32.492981      -6.016722
       2.584944      32.411636      -3.266857
       2.602620      32.381048      -0.576216
       2.620296      32.382772       0.153723
       2.637972      32.376741      -1.352389
       2.655648      32.334140      -3.650837
       2.673324      32.259036      -4.728091
       2.691000      32.185002      -3.458776
       2.708677      32.151910      -0.290212
       2.726353      32.181398       3.360067
       2.744029      32.268600       6.091699
       2.761705      32.390339       7.107371
       2.779381      32.513882       6.418704
       2.797057      32.613043       4.383618
       2.814733      32.669633       1.761632
       2.832410      32.681033      -0.608595
       2.850086      32.657426      -2.060301
       2.867762      32.618493      -2.369775
       2.885438      32.583996      -1.666047
       2.903114      32.569584      -0.064476
       2.920790      32.590062       2.329797
       2.938466      32.659105       5.292514
       2.956142      32.781382       8.227756
       2.973819      32.946879      10.016440
       2.991495      33.128030       9.924017
       3.009171      33.292550       8.303230
       3.026847      33.423326       6.361730
       3.044523      33.524850       5.066517
       3.062199      33.610190       4.405887
       3.079875      33.683491       3.555385
       3.097551      33.736684       2.213207
       3.115228      33.767260       1.228033
       3.132904      33.794203       1.971000
       3.150580      33.853902       4.878127
       3.168256      33.976819       8.800665
       3.185932      34.163597      11.799603
       3.203608      34.384226      12.516649
       3.221284      34.597639      11.125294
       3.238960      34.774962       8.733606
       3.256637      34.911480       6.592081
       3.274313      35.019827       5.693906
       3.291989      35.126018       6.379709
       3.309665      35.256409       8.299233
       3.327341      35.421709      10.014409
       3.345017      35.603092       9.833262
       3.362693      35.757201       6.993347
       3.380369      35.848038       3.159516
       3.398046      35.889269       2.066019
       3.415722      35.957819       6.468803
       3.433398      36.148318      15.270200
       3.451074      36.499334      23.668590
       3.468750      36.956590      26.722510
       3.486426      37.411577      23.782106
       3.504102      37.791277      19.221551
       3.521778      38.119904      18.786731
       3.539455      38.497175      24.553230
       3.557131      39.011346      33.453119
       3.574807      39.672905      40.485050
       3.592483      40.420645      43.271038
       3.610159      41.192872      43.821829
       3.627835      41.988494      46.667708
       3.645511      42.880570      55.021077
       3.663187      43.973861      69.312376
       3.680864      45.359626      87.772121
       3.698540      47.088119     107.507574
       3.716216      49.148873     124.695777
       3.733892      51.455428     134.189149
       3.751568      53.830603     132.154278
       3.769244      56.061707     118.441241
       3.786920      57.983889      98.467782
       3.804596      59.557913      80.343038
       3.822273      60.871120      69.462442
       3.839949      62.056785      65.211056
       3.857625      63.191907      62.787745
       3.875301      64.261182      57.261639
       3.892977      65.190211      47.000474
       3.910653      65.908812      34.002240
       3.928329      66.398370      21.457889
       3.946005      66.688688      11.902134
       3.963682      66.840502       5.756729
       3.981358      66.909705       2.452165
       3.999034      66.937787       0.897439
       4.016710      66.948034       0.249946
