#! FIELDS d_C5Nd_2 ext18.bias der_d_C5Nd_2
#! SET min_d_C5Nd_2 -5.36836
#! SET max_d_C5Nd_2 5.36836
#! SET nbins_d_C5Nd_2 596
#! SET periodic_d_C5Nd_2 false
      -5.368360     101.978190       1.505929
      -5.350727     101.916970       5.521500
      -5.333094     101.736197      16.054143
      -5.315461     101.263737      40.129006
      -5.297828     100.173434      87.754237
      -5.280196      97.968575     167.697282
      -5.262563      94.056858     280.152254
      -5.244930      87.983698     408.287342
      -5.227297      79.757693     517.265767
      -5.209664      70.088304     566.055059
      -5.192031      60.290038     530.162513
      -5.174398      51.837382     417.942486
      -5.156765      45.757761     269.162489
      -5.139132      42.256326     133.305219
      -5.121499      40.763746      44.790568
      -5.103867      40.344662      10.143997
      -5.086234      40.175322      12.600864
      -5.068601      39.817349      27.745616
      -5.050968      39.220996      37.665500
      -5.033335      38.543565      36.918035
      -5.015702      37.948226      29.528670
      -4.998069      37.491085      22.311539
      -4.980436      37.122695      19.511663
      -4.962803      36.771097      20.462485
      -4.945170      36.392886      21.817073
      -4.927538      36.006323      21.162074
      -4.909905      35.651001      18.491644
      -4.892272      35.345880      15.818457
      -4.874639      35.074112      14.837062
      -4.857006      34.803466      15.482842
      -4.839373      34.520185      16.133668
      -4.821740      34.232958      15.844518
      -4.804107      33.955890      14.997632
      -4.786474      33.692733      14.416776
      -4.768841      33.438673      13.965714
      -4.751209      33.195559      12.862896
      -4.733576      32.986860      10.127746
      -4.715943      32.835426       6.535662
      -4.698310      32.742837       3.886934
      -4.680677      32.673636       3.912450
      -4.663044      32.582731       6.205435
      -4.645411      32.444064       8.908440
      -4.627778      32.269566      10.139452
      -4.610145      32.088347       9.756901
      -4.592512      31.917362       9.239194
      -4.574880      31.746147       9.887410
      -4.557247      31.553353      11.509913
      -4.539614      31.334870      12.698446
      -4.521981      31.106687      12.397376
      -4.504348      30.898576      10.485759
      -4.486715      30.732704       7.868725
      -4.469082      30.609564       5.799072
      -4.451449      30.511293       5.074558
      -4.433816      30.415397       5.531768
      -4.416183      30.304071       6.515835
      -4.398551      30.180407       6.931151
      -4.380918      30.055468       6.595261
      -4.363285      29.940613       5.962567
      -4.345652      29.833153       5.878005
      -4.328019      29.718894       6.708407
      -4.310386      29.583565       8.222596
      -4.292753      29.422289       9.505835
      -4.275120      29.246290       9.731701
      -4.257487      29.078446       8.522428
      -4.239854      28.942392       6.395884
      -4.222222      28.843260       4.521509
      -4.204589      28.767110       3.795094
      -4.186956      28.694969       4.014286
      -4.169323      28.615535       4.512171
      -4.151690      28.528618       4.833351
      -4.134057      28.436804       5.052708
      -4.116424      28.341833       5.165206
      -4.098791      28.250387       4.602589
      -4.081158      28.176241       3.161516
      -4.063525      28.131053       1.511713
      -4.045893      28.107677       0.927901
      -4.028260      28.078651       2.128142
      -4.010627      28.017427       4.478746
      -3.992994      27.912982       6.672685
      -3.975361      27.779427       7.734664
      -3.957728      27.639298       7.559747
      -3.940095      27.508324       6.725453
      -3.922462      27.393925       5.742759
      -3.904829      27.297274       4.764872
      -3.887196      27.215792       3.948649
      -3.869564      27.148192       3.157172
      -3.851931      27.098353       2.047398
      -3.834298      27.070152       0.651736
      -3.816665      27.063303      -0.365140
      -3.799032      27.066426      -0.236574
      -3.781399      27.053621       1.410756
      -3.763766      27.005199       3.620508
      -3.746133      26.924675       4.715802
      -3.728500      26.842579       3.717490
      -3.710867      26.792418       1.361669
      -3.693235      26.782699      -0.469114
      -3.675602      26.788934      -0.372566
      -3.657969      26.778285       1.177373
      -3.640336      26.740549       2.490901
      -3.622703      26.689410       2.580731
      -3.605070      26.646931       1.684662
      -3.587437      26.621108       0.735184
      -3.569804      26.611160      -0.162088
      -3.552171      26.621199      -1.501549
      -3.534539      26.657781      -3.046126
      -3.516906      26.714202      -3.522485
      -3.499273      26.758490      -1.601240
      -3.481640      26.748518       2.457211
      -3.464007      26.662639       6.585575
      -3.446374      26.522671       8.220408
      -3.428741      26.384940       6.343186
      -3.411108      26.302749       2.318088
      -3.393475      26.290372      -1.117694
      -3.375842      26.316905      -1.868211
      -3.358210      26.333289      -0.156599
      -3.340577      26.310469       2.086560
      -3.322944      26.259672       2.816336
      -3.305311      26.214660       1.613484
      -3.287678      26.198710      -0.315112
      -3.270045      26.213612      -1.756923
      -3.252412      26.246730      -2.391015
      -3.234779      26.286083      -2.510543
      -3.217146      26.323609      -2.107812
      -3.199513      26.346881      -0.862536
      -3.181881      26.339589       1.268682
      -3.164248      26.292612       3.464457
      -3.146615      26.215365       4.566375
      -3.128982      26.132002       4.159922
      -3.111349      26.065860       2.772238
      -3.093716      26.023834       1.585713
      -3.076083      25.994784       1.371912
      -3.058450      25.962487       1.886476
      -3.040817      25.922352       2.074678
      -3.023184      25.886884       1.158556
      -3.005552      25.878338      -0.736979
      -2.987919      25.901570      -2.195431
      -2.970286      25.937342      -2.105054
      -2.952653      25.960289      -0.958232
      -2.935020      25.964886      -0.332722
      -2.917387      25.974164      -1.445685
      -2.899754      26.011894      -3.345339
      -2.882121      26.076682      -4.124513
      -2.864488      26.133442      -2.521472
      -2.846855      26.149419       0.289055
      -2.829223      26.121068       2.096666
      -2.811590      26.082570       1.280275
      -2.793957      26.082216      -1.952311
      -2.776324      26.145190      -5.593325
      -2.758691      26.260990      -7.612335
      -2.741058      26.388821      -7.044147
      -2.723425      26.490427      -4.811167
      -2.705792      26.549594      -2.515548
      -2.688159      26.577005      -1.273625
      -2.670526      26.592175      -1.007020
      -2.652894      26.604717      -0.898259
      -2.635261      26.613499      -0.579325
      -2.617628      26.617278      -0.380302
      -2.599995      26.621725      -0.694351
      -2.582362      26.634975      -1.279530
      -2.564729      26.655831      -1.521064
      -2.547096      26.677179      -1.367368
      -2.529463      26.696795      -1.477890
      -2.511830      26.728526      -2.767129
      -2.494197      26.791823      -4.984775
      -2.476565      26.894036      -6.898319
      -2.458932      27.014726      -6.890581
      -2.441299      27.114320      -4.566756
      -2.423666      27.160515      -1.147547
      -2.406033      27.152227       1.221924
      -2.388400      27.125120       0.899509
      -2.370767      27.126333      -1.696939
      -2.353134      27.176863      -4.326467
      -2.335501      27.257355      -4.852566
      -2.317868      27.324628      -3.054024
      -2.300236      27.354436      -0.898445
      -2.282603      27.358368      -0.434078
      -2.264970      27.373797      -2.095406
      -2.247337      27.429057      -4.577831
      -2.229704      27.520276      -6.021039
      -2.212071      27.622098      -5.807296
      -2.194438      27.709919      -4.573342
      -2.176805      27.774897      -3.344452
      -2.159172      27.823652      -2.737455
      -2.141539      27.866577      -2.678657
      -2.123907      27.909937      -2.724263
      -2.106274      27.952978      -2.560562
      -2.088641      27.990408      -2.150839
      -2.071008      28.021347      -1.926895
      -2.053375      28.053932      -2.351223
      -2.035742      28.099695      -3.370585
      -2.018109      28.163204      -4.276001
      -2.000476      28.237845      -4.455295
      -1.982843      28.308224      -3.855508
      -1.965210      28.364596      -3.039080
      -1.947578      28.408716      -2.559147
      -1.929945      28.448639      -2.505875
      -1.912312      28.489773      -2.605902
      -1.894679      28.532274      -2.719388
      -1.877046      28.578803      -3.074984
      -1.859413      28.633786      -3.722795
      -1.841780      28.700875      -4.324542
      -1.824147      28.774726      -4.307180
      -1.806514      28.839403      -3.355154
      -1.788882      28.881472      -1.852929
      -1.771249      28.897651      -0.512498
      -1.753616      28.894039       0.316253
      -1.735983      28.881563       0.531171
      -1.718350      28.871884      -0.031294
      -1.700717      28.880983      -1.598734
      -1.683084      28.924899      -3.919718
      -1.665451      29.009823      -6.021012
      -1.647818      29.118643      -6.493951
      -1.630185      29.216485      -4.696966
      -1.612553      29.266513      -1.270961
      -1.594920      29.252744       2.275336
      -1.577287      29.182862       4.990360
      -1.559654      29.073446       6.927787
      -1.542021      28.927598       9.032320
      -1.524388      28.747184      10.886029
      -1.506755      28.545944      11.051513
      -1.489122      28.365292       8.286429
      -1.471489      28.255199       3.357121
      -1.453856      28.232486      -0.761859
      -1.436224      28.249290      -0.701520
      -1.418591      28.217976       4.515313
      -1.400958      28.063539      12.892452
      -1.383325      27.752761      21.526604
      -1.365692      27.305416      27.764876
      -1.348059      26.788689      29.103150
      -1.330426      26.304617      24.000762
      -1.312793      25.957344      14.509029
      -1.295160      25.762768       8.839337
      -1.277527      25.534202      20.267964
      -1.259895      24.881620      57.545795
      -1.242262      23.367425     115.669864
      -1.224629      20.792923     173.264964
      -1.206996      17.414371     202.688972
      -1.189363      13.905707     186.855921
      -1.171730      11.051122     131.122692
      -1.154097       9.361695      59.942420
      -1.136464       8.843582       2.300382
      -1.118831       9.091134     -25.747821
      -1.101198       9.578366     -26.603362
      -1.083566       9.943770     -14.619838
      -1.065933      10.092355      -3.735402
      -1.048300      10.106188       0.326312
      -1.030667      10.099392      -0.749205
      -1.013034      10.126951      -3.035475
      -0.995401      10.188399      -4.464098
      -0.977768      10.267119      -4.938037
      -0.960135      10.343752      -4.020025
      -0.942502      10.380153      -0.053875
      -0.924869      10.304938       8.796802
      -0.907237      10.032767      21.969191
      -0.889604       9.513228      35.900557
      -0.871971       8.777640      45.739525
      -0.854338       7.930643      48.528881
      -0.836705       7.089221      45.604254
      -0.819072       6.320100      41.151309
      -0.801439       5.610424      39.323531
      -0.783806       4.896814      41.457182
      -0.766173       4.124560      45.467848
      -0.748540       3.293174      47.446901
      -0.730908       2.470571      44.135856
      -0.713275       1.762115      34.780697
      -0.695642       1.252262      22.221634
      -0.678009       0.958514      11.028022
      -0.660376       0.819804       4.764868
      -0.642743       0.750560       2.869845
      -0.625110       0.702613       1.630719
      -0.607477       0.701875      -2.637994
      -0.589844       0.801438      -9.353052
      -0.572211       1.005901     -13.696216
      -0.554579       1.226261     -10.763639
      -0.536946       1.323070      -0.546079
      -0.519313       1.230153       9.927042
      -0.501680       1.006036      13.541315
      -0.484047       0.799371       9.347005
      -0.466414       0.676448       5.850567
      -0.448781       0.541021      11.340145
      -0.431148       0.259373      19.562343
      -0.413515       0.000000       2.663344
      -0.395882       0.543330     -77.348519
      -0.378250       3.236971    -241.905882
      -0.360617       9.472046    -471.954352
      -0.342984      19.916777    -706.922275
      -0.325351      33.985962    -871.300252
      -0.307718      49.915908    -912.964857
      -0.290085      65.430576    -827.732532
      -0.272452      78.598469    -656.071196
      -0.254819      88.414604    -457.366248
      -0.237186      94.871307    -281.455143
      -0.219553      98.629105    -153.197306
      -0.201921     100.567058     -73.831653
      -0.184288     101.453690     -31.483482
      -0.166655     101.813658     -11.837871
      -0.149022     101.943445      -3.866931
      -0.131389     101.984976      -1.031153
       0.131389     101.984976      -1.031153
       0.149022     101.943445      -3.866931
       0.166655     101.813658     -11.837871
       0.184288     101.453690     -31.483482
       0.201921     100.567058     -73.831653
       0.219553      98.629105    -153.197306
       0.237186      94.871307    -281.455143
       0.254819      88.414604    -457.366248
       0.272452      78.598469    -656.071196
       0.290085      65.430576    -827.732532
       0.307718      49.915908    -912.964857
       0.325351      33.985962    -871.300252
       0.342984      19.916777    -706.922275
       0.360617       9.472046    -471.954352
       0.378250       3.236971    -241.905882
       0.395882       0.543330     -77.348519
       0.413515       0.000000       2.663344
       0.431148       0.259373      19.562343
       0.448781       0.541021      11.340145
       0.466414       0.676448       5.850567
       0.484047       0.799371       9.347005
       0.501680       1.006036      13.541315
       0.519313       1.230153       9.927042
       0.536946       1.323070      -0.546079
       0.554579       1.226261     -10.763639
       0.572211       1.005901     -13.696216
       0.589844       0.801438      -9.353052
       0.607477       0.701875      -2.637994
       0.625110       0.702613       1.630719
       0.642743       0.750560       2.869845
       0.660376       0.819804       4.764868
       0.678009       0.958514      11.028022
       0.695642       1.252262      22.221634
       0.713275       1.762115      34.780697
       0.730908       2.470571      44.135856
       0.748540       3.293174      47.446901
       0.766173       4.124560      45.467848
       0.783806       4.896814      41.457182
       0.801439       5.610424      39.323531
       0.819072       6.320100      41.151309
       0.836705       7.089221      45.604254
       0.854338       7.930643      48.528881
       0.871971       8.777640      45.739525
       0.889604       9.513228      35.900557
       0.907237      10.032767      21.969191
       0.924869      10.304938       8.796802
       0.942502      10.380153      -0.053875
       0.960135      10.343752      -4.020025
       0.977768      10.267119      -4.938037
       0.995401      10.188399      -4.464098
       1.013034      10.126951      -3.035475
       1.030667      10.099392      -0.749205
       1.048300      10.106188       0.326312
       1.065933      10.092355      -3.735402
       1.083566       9.943770     -14.619838
       1.101198       9.578366     -26.603362
       1.118831       9.091134     -25.747821
       1.136464       8.843582       2.300382
       1.154097       9.361695      59.942420
       1.171730      11.051122     131.122692
       1.189363      13.905707     186.855921
       1.206996      17.414371     202.688972
       1.224629      20.792923     173.264964
       1.242262      23.367425     115.669864
       1.259895      24.881620      57.545795
       1.277527      25.534202      20.267964
       1.295160      25.762768       8.839337
       1.312793      25.957344      14.509029
       1.330426      26.304617      24.000762
       1.348059      26.788689      29.103150
       1.365692      27.305416      27.764876
       1.383325      27.752761      21.526604
       1.400958      28.063539      12.892452
       1.418591      28.217976       4.515313
       1.436224      28.249290      -0.701520
       1.453856      28.232486      -0.761859
       1.471489      28.255199       3.357121
       1.489122      28.365292       8.286429
       1.506755      28.545944      11.051513
       1.524388      28.747184      10.886029
       1.542021      28.927598       9.032320
       1.559654      29.073446       6.927787
       1.577287      29.182862       4.990360
       1.594920      29.252744       2.275336
       1.612553      29.266513      -1.270961
       1.630185      29.216485      -4.696966
       1.647818      29.118643      -6.493951
       1.665451      29.009823      -6.021012
       1.683084      28.924899      -3.919718
       1.700717      28.880983      -1.598734
       1.718350      28.871884      -0.031294
       1.735983      28.881563       0.531171
       1.753616      28.894039       0.316253
       1.771249      28.897651      -0.512498
       1.788882      28.881472      -1.852929
       1.806514      28.839403      -3.355154
       1.824147      28.774726      -4.307180
       1.841780      28.700875      -4.324542
       1.859413      28.633786      -3.722795
       1.877046      28.578803      -3.074984
       1.894679      28.532274      -2.719388
       1.912312      28.489773      -2.605902
       1.929945      28.448639      -2.505875
       1.947578      28.408716      -2.559147
       1.965210      28.364596      -3.039080
       1.982843      28.308224      -3.855508
       2.000476      28.237845      -4.455295
       2.018109      28.163204      -4.276001
       2.035742      28.099695      -3.370585
       2.053375      28.053932      -2.351223
       2.071008      28.021347      -1.926895
       2.088641      27.990408      -2.150839
       2.106274      27.952978      -2.560562
       2.123907      27.909937      -2.724263
       2.141539      27.866577      -2.678657
       2.159172      27.823652      -2.737455
       2.176805      27.774897      -3.344452
       2.194438      27.709919      -4.573342
       2.212071      27.622098      -5.807296
       2.229704      27.520276      -6.021039
       2.247337      27.429057      -4.577831
       2.264970      27.373797      -2.095406
       2.282603      27.358368      -0.434078
       2.300236      27.354436      -0.898445
       2.317868      27.324628      -3.054024
       2.335501      27.257355      -4.852566
       2.353134      27.176863      -4.326467
       2.370767      27.126333      -1.696939
       2.388400      27.125120       0.899509
       2.406033      27.152227       1.221924
       2.423666      27.160515      -1.147547
       2.441299      27.114320      -4.566756
       2.458932      27.014726      -6.890581
       2.476565      26.894036      -6.898319
       2.494197      26.791823      -4.984775
       2.511830      26.728526      -2.767129
       2.529463      26.696795      -1.477890
       2.547096      26.677179      -1.367368
       2.564729      26.655831      -1.521064
       2.582362      26.634975      -1.279530
       2.599995      26.621725      -0.694351
       2.617628      26.617278      -0.380302
       2.635261      26.613499      -0.579325
       2.652894      26.604717      -0.898259
       2.670526      26.592175      -1.007020
       2.688159      26.577005      -1.273625
       2.705792      26.549594      -2.515548
       2.723425      26.490427      -4.811167
       2.741058      26.388821      -7.044147
       2.758691      26.260990      -7.612335
       2.776324      26.145190      -5.593325
       2.793957      26.082216      -1.952311
       2.811590      26.082570       1.280275
       2.829223      26.121068       2.096666
       2.846855      26.149419       0.289055
       2.864488      26.133442      -2.521472
       2.882121      26.076682      -4.124513
       2.899754      26.011894      -3.345339
       2.917387      25.974164      -1.445685
       2.935020      25.964886      -0.332722
       2.952653      25.960289      -0.958232
       2.970286      25.937342      -2.105054
       2.987919      25.901570      -2.195431
       3.005552      25.878338      -0.736979
       3.023184      25.886884       1.158556
       3.040817      25.922352       2.074678
       3.058450      25.962487       1.886476
       3.076083      25.994784       1.371912
       3.093716      26.023834       1.585713
       3.111349      26.065860       2.772238
       3.128982      26.132002       4.159922
       3.146615      26.215365       4.566375
       3.164248      26.292612       3.464457
       3.181881      26.339589       1.268682
       3.199513      26.346881      -0.862536
       3.217146      26.323609      -2.107812
       3.234779      26.286083      -2.510543
       3.252412      26.246730      -2.391015
       3.270045      26.213612      -1.756923
       3.287678      26.198710      -0.315112
       3.305311      26.214660       1.613484
       3.322944      26.259672       2.816336
       3.340577      26.310469       2.086560
       3.358210      26.333289      -0.156599
       3.375842      26.316905      -1.868211
       3.393475      26.290372      -1.117694
       3.411108      26.302749       2.318088
       3.428741      26.384940       6.343186
       3.446374      26.522671       8.220408
       3.464007      26.662639       6.585575
       3.481640      26.748518       2.457211
       3.499273      26.758490      -1.601240
       3.516906      26.714202      -3.522485
       3.534539      26.657781      -3.046126
       3.552171      26.621199      -1.501549
       3.569804      26.611160      -0.162088
       3.587437      26.621108       0.735184
       3.605070      26.646931       1.684662
       3.622703      26.689410       2.580731
       3.640336      26.740549       2.490901
       3.657969      26.778285       1.177373
       3.675602      26.788934      -0.372566
       3.693235      26.782699      -0.469114
       3.710867      26.792418       1.361669
       3.728500      26.842579       3.717490
       3.746133      26.924675       4.715802
       3.763766      27.005199       3.620508
       3.781399      27.053621       1.410756
       3.799032      27.066426      -0.236574
       3.816665      27.063303      -0.365140
       3.834298      27.070152       0.651736
       3.851931      27.098353       2.047398
       3.869564      27.148192       3.157172
       3.887196      27.215792       3.948649
       3.904829      27.297274       4.764872
       3.922462      27.393925       5.742759
       3.940095      27.508324       6.725453
       3.957728      27.639298       7.559747
       3.975361      27.779427       7.734664
       3.992994      27.912982       6.672685
       4.010627      28.017427       4.478746
       4.028260      28.078651       2.128142
       4.045893      28.107677       0.927901
       4.063525      28.131053       1.511713
       4.081158      28.176241       3.161516
       4.098791      28.250387       4.602589
       4.116424      28.341833       5.165206
       4.134057      28.436804       5.052708
       4.151690      28.528618       4.833351
       4.169323      28.615535       4.512171
       4.186956      28.694969       4.014286
       4.204589      28.767110       3.795094
       4.222222      28.843260       4.521509
       4.239854      28.942392       6.395884
       4.257487      29.078446       8.522428
       4.275120      29.246290       9.731701
       4.292753      29.422289       9.505835
       4.310386      29.583565       8.222596
       4.328019      29.718894       6.708407
       4.345652      29.833153       5.878005
       4.363285      29.940613       5.962567
       4.380918      30.055468       6.595261
       4.398551      30.180407       6.931151
       4.416183      30.304071       6.515835
       4.433816      30.415397       5.531768
       4.451449      30.511293       5.074558
       4.469082      30.609564       5.799072
       4.486715      30.732704       7.868725
       4.504348      30.898576      10.485759
       4.521981      31.106687      12.397376
       4.539614      31.334870      12.698446
       4.557247      31.553353      11.509913
       4.574880      31.746147       9.887410
       4.592512      31.917362       9.239194
       4.610145      32.088347       9.756901
       4.627778      32.269566      10.139452
       4.645411      32.444064       8.908440
       4.663044      32.582731       6.205435
       4.680677      32.673636       3.912450
       4.698310      32.742837       3.886934
       4.715943      32.835426       6.535662
       4.733576      32.986860      10.127746
       4.751209      33.195559      12.862896
       4.768841      33.438673      13.965714
       4.786474      33.692733      14.416776
       4.804107      33.955890      14.997632
       4.821740      34.232958      15.844518
       4.839373      34.520185      16.133668
       4.857006      34.803466      15.482842
       4.874639      35.074112      14.837062
       4.892272      35.345880      15.818457
       4.909905      35.651001      18.491644
       4.927538      36.006323      21.162074
       4.945170      36.392886      21.817073
       4.962803      36.771097      20.462485
       4.980436      37.122695      19.511663
       4.998069      37.491085      22.311539
       5.015702      37.948226      29.528670
       5.033335      38.543565      36.918035
       5.050968      39.220996      37.665500
       5.068601      39.817349      27.745616
       5.086234      40.175322      12.600864
       5.103867      40.344662      10.143997
       5.121499      40.763746      44.790568
       5.139132      42.256326     133.305219
       5.156765      45.757761     269.162489
       5.174398      51.837382     417.942486
       5.192031      60.290038     530.162513
       5.209664      70.088304     566.055059
       5.227297      79.757693     517.265767
       5.244930      87.983698     408.287342
       5.262563      94.056858     280.152254
       5.280196      97.968575     167.697282
       5.297828     100.173434      87.754237
       5.315461     101.263737      40.129006
       5.333094     101.736197      16.054143
       5.350727     101.916970       5.521500
       5.368360     101.978190       1.505929
