#! FIELDS d_NdeSNa_1 file.free der_d_NdeSNa_1
#! SET min_d_NdeSNa_1 0.0959302
#! SET max_d_NdeSNa_1 3.82866
#! SET nbins_d_NdeSNa_1  213
#! SET periodic_d_NdeSNa_1 false
    0.095930200   67.435355245   -0.620376339
    0.113537416   67.410207841   -2.358442491
    0.131144632   67.331404719   -7.253290589
    0.148751848   67.110422027  -19.455026481
    0.166359064   66.561135611  -45.982707039
    0.183966280   65.351352158  -95.999376748
    0.201573496   62.995352117 -176.838804548
    0.219180712   58.946594362 -286.779314832
    0.236787928   52.823404124 -408.088457029
    0.254395144   44.702316771 -507.363588941
    0.272002360   35.302986927 -547.961589836
    0.289609576   25.868184751 -510.630453160
    0.307216792   17.704931426 -408.544378197
    0.324824008   11.618535150 -282.826505615
    0.342431225    7.613142196 -178.359432555
    0.360038441    5.075874495 -116.915986560
    0.377645657    3.295154178  -88.703330863
    0.395252873    1.907566820  -68.015040572
    0.412860089    0.957664958  -37.855555415
    0.430467305    0.608103445   -2.030176887
    0.448074521    0.820782640   23.218991776
    0.465681737    1.293051910   26.806498979
    0.483288953    1.656103017   12.469235295
    0.500896169    1.713595120   -5.900683600
    0.518503385    1.516115445  -15.042937765
    0.536110601    1.278179563  -10.444685482
    0.553717817    1.218567180    4.648091949
    0.571325033    1.463370239   22.790301909
    0.588932249    1.999555346   36.404000422
    0.606539465    2.688482028   39.030940899
    0.624146681    3.299993058   27.299000276
    0.641753897    3.587167262    3.252806631
    0.659361113    3.394779050  -25.304310539
    0.676968329    2.740596845  -47.447123235
    0.694575545    1.819693044  -54.797001373
    0.712182761    0.915761934  -46.023056776
    0.729789977    0.269828926  -26.697418641
    0.747397193    0.000000000   -4.503557450
    0.765004409    0.114910505   16.992554000
    0.782611625    0.613756402   39.804418520
    0.800218842    1.555389251   67.627920696
    0.817826058    3.029709396   99.587206636
    0.835433274    5.050809865  128.142475166
    0.853040490    7.469790604  143.311513820
    0.870647706    9.992809314  139.701573920
    0.888254922   12.301861891  120.017523153
    0.905862138   14.182274167   92.541586194
    0.923469354   15.576755512   66.061111429
    0.941076570   16.560765332   46.704622609
    0.958683786   17.289905232   37.349513875
    0.976291002   17.943356755   37.906224248
    0.993898218   18.670940664   44.813330634
    1.011505434   19.530833476   51.662086475
    1.029112650   20.460590540   51.881348440
    1.046719866   21.313181820   43.086581342
    1.064327082   21.954990136   29.196251369
    1.081934298   22.363726191   18.112701504
    1.099541514   22.653676536   16.294328088
    1.117148730   23.003618042   24.388705855
    1.134755946   23.544674865   36.741917938
    1.152363162   24.283941398   45.871728477
    1.169970378   25.121824045   47.800300259
    1.187577594   25.940764230   44.344727676
    1.205184810   26.690234656   40.766184989
    1.222792026   27.405209495   40.786476964
    1.240399242   28.148661760   43.486746375
    1.258006458   28.933210855   44.707137817
    1.275613675   29.696208043   40.725823502
    1.293220891   30.341730025   31.630515066
    1.310828107   30.806885814   20.926188567
    1.328435323   31.098279957   12.316414685
    1.346042539   31.268740282    7.263008699
    1.363649755   31.374891482    4.895063027
    1.381256971   31.455523412    4.166975992
    1.398864187   31.536382231    5.028649379
    1.416471403   31.645034930    7.281660937
    1.434078619   31.798149829    9.640715472
    1.451685835   31.980678980   10.346412970
    1.469293051   32.153049186    8.556945473
    1.486900267   32.278578680    5.497025770
    1.504507483   32.355190251    3.296315325
    1.522114699   32.411231360    3.129052671
    1.539721915   32.477542816    4.146897695
    1.557329131   32.557273096    4.386790084
    1.574936347   32.623332344    2.573970861
    1.592543563   32.642734471   -0.726720068
    1.610150779   32.605397864   -3.465710480
    1.627757995   32.540012816   -3.758885547
    1.645365211   32.496000461   -1.046548999
    1.662972427   32.516590255    3.293330180
    1.680579643   32.611748485    6.981127058
    1.698186859   32.752145190    8.315528448
    1.715794075   32.892505388    7.019344565
    1.733401292   32.996405947    4.433957700
    1.751008508   33.055860075    2.303579529
    1.768615724   33.089096394    1.435596437
    1.786222940   33.116894740    1.627405681
    1.803830156   33.149832830    1.823912664
    1.821437372   33.180562832    1.272227316
    1.839044588   33.195847673    0.208704432
    1.856651804   33.194303408   -0.460380192
    1.874259020   33.191703327    0.186535273
    1.891866236   33.211710387    1.941677956
    1.909473452   33.263699309    3.560622913
    1.927080668   33.331516042    3.627048694
    1.944687884   33.383850532    1.868369309
    1.962295100   33.397580786   -0.523122619
    1.979902316   33.375794018   -1.943091876
    1.997509532   33.343181260   -1.686113014
    2.015116748   33.326946861   -0.268267101
    2.032723964   33.339670421    1.468157442
    2.050331180   33.380748882    2.933704308
    2.067938396   33.443498701    3.857439020
    2.085545612   33.516186380    4.003865824
    2.103152828   33.581042807    2.833001493
    2.120760044   33.610991744    0.113768548
    2.138367260   33.582729101   -3.614976119
    2.155974476   33.490848422   -6.814669674
    2.173581692   33.359073223   -7.916551756
    2.191188908   33.230936865   -6.558910705
    2.208796125   33.141240459   -3.781899675
    2.226403341   33.098484308   -1.514775196
    2.244010557   33.082065340   -0.867993577
    2.261617773   33.063551087   -1.654331064
    2.279224989   33.025815535   -2.840042572
    2.296832205   32.970026507   -3.576043066
    2.314439421   32.907640004   -3.596136933
    2.332046637   32.851651220   -2.945653256
    2.349653853   32.812236136   -1.646334418
    2.367261069   32.799310644   -0.020488711
    2.384868285   32.815831245    1.584950412
    2.402475501   32.855225425    2.468924107
    2.420082717   32.899905393    2.147748337
    2.437689933   32.928643921    0.802090974
    2.455297149   32.930644314   -0.750714795
    2.472904365   32.911914031   -1.444187158
    2.490511581   32.891468627   -1.018523130
    2.508118797   32.883264047   -0.098013500
    2.525726013   32.888328936    0.309583511
    2.543333229   32.894721717    0.073592831
    2.560940445   32.895185208   -0.220303364
    2.578547661   32.894641460    0.086548523
    2.596154877   32.906004193    1.056687274
    2.613762093   32.937532970    2.248511509
    2.631369309   32.986329244    2.944834871
    2.648976525   33.039398117    2.678143108
    2.666583742   33.078637033    1.440526463
    2.684190958   33.091983019   -0.165363524
    2.701798174   33.080673931   -1.182786557
    2.719405390   33.059488318   -1.372264319
    2.737012606   33.037833314   -1.346461716
    2.754619822   33.009930059   -2.250528864
    2.772227038   32.956042837   -4.303039096
    2.789834254   32.863897387   -6.203853301
    2.807441470   32.751233605   -6.406676591
    2.825048686   32.655565890   -4.340327694
    2.842655902   32.610089328   -0.997569338
    2.860263118   32.623280030    2.123990512
    2.877870334   32.684372468    4.518731781
    2.895477550   32.784760443    6.731155680
    2.913084766   32.927419175    9.238083421
    2.930691982   33.113060672   11.405628671
    2.948299198   33.322098900   11.661849146
    2.965906414   33.511286187    9.196098627
    2.983513630   33.639769060    5.066983563
    3.001120846   33.698722972    1.726759219
    3.018728062   33.721392224    1.163791070
    3.036335278   33.761684773    3.508231367
    3.053942494   33.857317829    7.137818660
    3.071549710   34.009750272    9.596810441
    3.089156926   34.183785771    9.477196844
    3.106764142   34.333301284    6.996370429
    3.124371358   34.429550455    3.719789756
    3.141978575   34.475043407    1.452638889
    3.159585791   34.496299019    1.029383998
    3.177193007   34.523463572    2.050554440
    3.194800223   34.575599517    3.678143779
    3.212407439   34.658123920    5.476467061
    3.230014655   34.774653842    7.600294828
    3.247621871   34.935043037   10.569963040
    3.265229087   35.156091808   14.381052824
    3.282836303   35.448107727   18.537832661
    3.300443519   35.806967189   21.786759059
    3.318050735   36.207476128   23.089913002
    3.335657951   36.610160871   22.077262978
    3.353265167   36.979071292   19.376743960
    3.370872383   37.296215106   16.511036274
    3.388479599   37.573608823   15.114005601
    3.406086815   37.847504777   16.262147297
    3.423694031   38.167540035   20.310764864
    3.441301247   38.581943314   26.939487978
    3.458908463   39.132298049   35.557901212
    3.476515679   39.846252025   45.318268400
    3.494122895   40.734354623   55.183569507
    3.511730111   41.786921393   63.823578956
    3.529337327   42.973793123   70.297369502
    3.546944543   44.258078753   75.219645590
    3.564551759   45.632181003   81.132265364
    3.582158975   47.148341689   91.903569722
    3.599766192   48.919043993  110.239033257
    3.617373408   51.068763112  134.182551285
    3.634980624   53.638859669  156.363246684
    3.652587840   56.512215971  167.146392401
    3.670195056   59.422321011  160.007370504
    3.687802272   62.048453018  135.672098509
    3.705409488   64.145397435  101.403197676
    3.723016704   65.621993843   66.749316757
    3.740623920   66.539192651   38.656035608
    3.758231136   67.041462637   19.693469411
    3.775838352   67.283695761    8.844083584
    3.793445568   67.387049930    3.483793207
    3.811052784   67.426425795    1.155038324
    3.828660000   67.439442372    0.295571823
