#! FIELDS d_SNaNd_1 file.free der_d_SNaNd_1
#! SET min_d_SNaNd_1 0.143491
#! SET max_d_SNaNd_1 3.83242
#! SET nbins_d_SNaNd_1  210
#! SET periodic_d_SNaNd_1 false
    0.143491000   69.189431843   -1.194775194
    0.161141378   69.145350586   -4.142420147
    0.178791756   69.011014529  -12.176828813
    0.196442134   68.648927801  -31.271253523
    0.214092512   67.786225103  -70.652913016
    0.231742890   65.972417592 -140.516427244
    0.249393268   62.612568563 -245.682691714
    0.267043646   57.139959659 -376.769016156
    0.284694024   49.322830439 -505.101268504
    0.302344402   39.569304351 -589.072131355
    0.319994780   29.000108808 -593.459931613
    0.337645158   19.133673392 -511.453111644
    0.355295536   11.281712333 -372.678144633
    0.372945914    6.008445281 -228.001818908
    0.390596292    3.006311666 -120.352898011
    0.408246670    1.458016914  -62.538052896
    0.425897048    0.601169545  -37.594711118
    0.443547426    0.096407218  -18.614358877
    0.461197804    0.000000000    9.542744699
    0.478848182    0.463141006   42.776827355
    0.496498560    1.451873709   66.687321103
    0.514148938    2.699148026   71.363976510
    0.531799316    3.870182892   58.736021099
    0.549449694    4.747830474   40.019090681
    0.567100072    5.319424313   25.331878658
    0.584750450    5.694398681   17.714979682
    0.602400828    5.973744714   13.770969642
    0.620051206    6.179478383    8.801868519
    0.637701584    6.274053630    1.088568631
    0.655351962    6.222500399   -7.367281245
    0.673002340    6.037618550  -13.534913556
    0.690652718    5.779842296  -15.363480119
    0.708303096    5.530598236  -12.522025339
    0.725953474    5.369461519   -5.561345999
    0.743603852    5.359663413    4.340530801
    0.761254230    5.532467176   14.597259003
    0.778904608    5.867043965   22.177989923
    0.796554986    6.298151258   25.525571415
    0.814205364    6.766453945   27.342682575
    0.831855742    7.300977183   34.309281797
    0.849506120    8.054339650   52.776699883
    0.867156498    9.241298416   82.653108607
    0.884806876   10.998605371  115.467560336
    0.902457254   13.270381352  139.077789036
    0.920107632   15.816698781  146.041450654
    0.937758010   18.341255225  137.456578613
    0.955408388   20.626325601  120.179903141
    0.973058766   22.579387037  100.518525534
    0.990709144   24.186520122   81.367458316
    1.008359522   25.469383437   63.909311976
    1.026009900   26.470469661   49.784748028
    1.043660278   27.263309116   40.488551656
    1.061310656   27.931644362   35.377571955
    1.078961033   28.532039953   32.066898631
    1.096611411   29.077372146   29.338236775
    1.114261789   29.582696385   27.995080961
    1.131912167   30.090471176   29.862381644
    1.149562545   30.659275389   34.543549319
    1.167212923   31.310103519   38.147037886
    1.184863301   31.978434582   35.985315927
    1.202513679   32.537527374   25.922673830
    1.220164057   32.867289994   10.802350119
    1.237814435   32.932555760   -2.925310961
    1.255464813   32.813042084   -9.511763150
    1.273115191   32.654630570   -7.421175831
    1.290765569   32.589062114    0.323434530
    1.308415947   32.673688256    8.768021580
    1.326066325   32.886675339   14.508579239
    1.343716703   33.167754885   16.374467359
    1.361367081   33.449920092   14.806100323
    1.379017459   33.677668989   10.427521564
    1.396667837   33.811250932    4.215939942
    1.414318215   33.834392175   -1.482397706
    1.431968593   33.778031583   -4.464855405
    1.449618971   33.703602115   -3.542230144
    1.467269349   33.674697732    0.232331748
    1.484919727   33.719496027    4.472115245
    1.502570105   33.825381756    6.883645035
    1.520220483   33.952863082    6.983131817
    1.537870861   34.067162968    5.648814519
    1.555521239   34.154577870    4.074352388
    1.573171617   34.217871358    2.945481298
    1.590821995   34.265334033    2.253950696
    1.608472373   34.302340819    1.777958795
    1.626122751   34.331952713    1.405786169
    1.643773129   34.357672334    1.331667139
    1.661423507   34.386355176    1.777840752
    1.679073885   34.426763967    2.609813170
    1.696724263   34.483213842    3.546369703
    1.714374641   34.553840540    4.070563057
    1.732025019   34.626150384    3.729271392
    1.749675397   34.682775257    2.252603406
    1.767325775   34.706109652    0.141004753
    1.784976153   34.692119817   -1.823795694
    1.802626531   34.652749145   -2.643633834
    1.820276909   34.612922741   -1.857750546
    1.837927287   34.599177747    0.240479122
    1.855577665   34.626876073    2.619570063
    1.873228043   34.690642467    4.125506130
    1.890878421   34.766491014    3.959496550
    1.908528799   34.824419758    2.124207953
    1.926179177   34.843035124   -0.198461821
    1.943829555   34.826658823   -1.625503044
    1.961479933   34.799953503   -1.347077043
    1.979130311   34.789821771    0.008579615
    1.996780689   34.801976066    0.970783321
    2.014431067   34.819945259    0.688344444
    2.032081445   34.826691707   -0.047478660
    2.049731823   34.829823710    0.501169191
    2.067382201   34.863003635    3.397638807
    2.085032579   34.961749009    7.660455635
    2.102682957   35.132196075   11.042633098
    2.120333335   35.338562780   11.570303013
    2.137983713   35.522400392    8.473158297
    2.155634091   35.625141895    2.636161824
    2.173284469   35.614370642   -4.060873633
    2.190934847   35.494366887   -9.432538661
    2.208585225   35.303249279  -11.831827848
    2.226235603   35.098770711  -11.060571994
    2.243885981   34.930067993   -8.039125292
    2.261536359   34.823636115   -4.245873691
    2.279186737   34.783812151   -0.547399698
    2.296837115   34.807747353    3.070353419
    2.314487493   34.896008972    6.668461358
    2.332137871   35.042912280    9.468074009
    2.349788249   35.219829976    9.793419658
    2.367438627   35.370397612    6.448213232
    2.385089005   35.433463754    0.206109820
    2.402739383   35.380217055   -6.217232042
    2.420389761   35.234726644   -9.843308430
    2.438040139   35.060272510   -9.539404555
    2.455690517   34.917988801   -6.581665827
    2.473340895   34.833195476   -3.431625696
    2.490991273   34.790573675   -1.909221204
    2.508641651   34.759903669   -1.889214900
    2.526292029   34.727014131   -1.943526111
    2.543942407   34.703675248   -0.694721915
    2.561592785   34.713177219    1.616631960
    2.579243163   34.760915141    3.342714651
    2.596893541   34.821621036    2.929942951
    2.614543919   34.854479697    0.275108655
    2.632194297   34.831777039   -3.007593344
    2.649844675   34.760685359   -4.931072555
    2.667495053   34.676516294   -4.430163097
    2.685145431   34.619427688   -2.077710096
    2.702795809   34.609269480    0.642843435
    2.720446187   34.639417536    2.292819435
    2.738096565   34.685227144    2.450217929
    2.755746943   34.724099524    1.619532000
    2.773397321   34.745974774    0.610769797
    2.791047699   34.751911633   -0.128781938
    2.808698077   34.745185769   -0.863451713
    2.826348455   34.723610529   -1.823633428
    2.843998833   34.685563109   -2.580599738
    2.861649211   34.644009294   -2.054846885
    2.879299589   34.630769337    0.760355143
    2.896949967   34.685239476    5.382909098
    2.914600344   34.824658123    9.928473129
    2.932250722   35.024116039   11.882696799
    2.949901100   35.224309418    9.940204546
    2.967551478   35.360995822    5.009996574
    2.985201856   35.401950931   -0.497597081
    3.002852234   35.357853798   -4.329440687
    3.020502612   35.269664530   -5.422180106
    3.038152990   35.187793513   -3.555072979
    3.055803368   35.164879873    1.194923452
    3.073453746   35.247997307    8.282340489
    3.091104124   35.464515987   15.819376931
    3.108754502   35.794308806   20.607500633
    3.126404880   36.162370296   19.793253256
    3.144055258   36.462556595   13.158961587
    3.161705636   36.613217748    3.653146596
    3.179356014   36.604021554   -4.299394691
    3.197006392   36.497263856   -6.987650794
    3.214656770   36.397269464   -3.680183123
    3.232307148   36.394591360    3.504195810
    3.249957526   36.527547726   11.156268035
    3.267607904   36.779716440   16.748368547
    3.285258282   37.106041549   19.571230812
    3.302908660   37.463048954   20.274934362
    3.320559038   37.818654319   19.640460598
    3.338209416   38.152702210   17.835948185
    3.355859794   38.447435238   15.325663690
    3.373510172   38.700341237   13.326714384
    3.391160550   38.933208778   13.160631261
    3.408810928   39.183829454   15.329677584
    3.426461306   39.488935686   19.137013518
    3.444111684   39.867581290   23.566129536
    3.461762062   40.326395623   28.178846735
    3.479412440   40.869027688   33.142341019
    3.497062818   41.508318947   39.389511404
    3.514713196   42.281871159   48.634801396
    3.532363574   43.262581411   63.252256819
    3.550013952   44.557821289   84.262075355
    3.567664330   46.267465553  109.628497072
    3.585314708   48.428124082  134.348698158
    3.602965086   50.980372698  153.303781532
    3.620615464   53.792821225  163.553939832
    3.638265842   56.704595724  164.650044472
    3.655916220   59.556073817  156.743519156
    3.673566598   62.189709156  139.968076210
    3.691216976   64.456178234  115.528214236
    3.708867354   66.246026486   86.740099334
    3.726517732   67.524766473   58.475215446
    3.744168110   68.342455270   35.087968100
    3.761818488   68.809279187   18.475604067
    3.779468866   69.041938341    8.659283683
    3.797119244   69.145585252    3.548252034
    3.814769622   69.186605127    1.226127088
    3.832420000   69.199994743    0.384469384
