#! FIELDS d_C5C5_1 file.free der_d_C5C5_1
#! SET min_d_C5C5_1 0.145562
#! SET max_d_C5C5_1 3.94382
#! SET nbins_d_C5C5_1  216
#! SET periodic_d_C5C5_1 false
    0.145562000   68.101733846   -0.588511208
    0.163228316   68.078296613   -2.188011442
    0.180894633   68.005568803   -6.643340368
    0.198560949   67.802992234  -17.685991034
    0.216227265   67.303983290  -41.477146030
    0.233893581   66.212671902  -86.085454003
    0.251559898   64.097426304 -158.099707504
    0.269226214   60.463822730 -256.904152155
    0.286892530   54.936499980 -369.052231721
    0.304558847   47.497230500 -468.192538306
    0.322225163   38.650399135 -523.724336135
    0.339891479   29.369651031 -515.644197359
    0.357557795   20.794349870 -446.331607820
    0.375224112   13.814864865 -340.397580357
    0.392890428    8.778284218 -231.889148303
    0.410556744    5.474992039 -147.237887935
    0.428223060    3.379415200  -94.968995585
    0.445889377    1.973068926  -66.953365235
    0.463555693    0.957534577  -48.273592711
    0.481222009    0.278011055  -27.749900427
    0.498888326    0.000000000   -3.202594550
    0.516554642    0.156421835   20.225158436
    0.534220958    0.666241694   35.659116047
    0.551887274    1.354307680   40.049724372
    0.569553591    2.037217634   35.694856333
    0.587219907    2.603912638   27.844750849
    0.604886223    3.037223085   21.226235866
    0.622552540    3.382397245   18.122466517
    0.640218856    3.703940253   18.301936390
    0.657885172    4.050153385   20.773984961
    0.675551488    4.450062275   24.020703032
    0.693217805    4.902135346   26.387405302
    0.710884121    5.372323952   25.597519789
    0.728550437    5.785041582   19.729390083
    0.746216753    6.043083799    8.289797479
    0.763883070    6.064564747   -6.513876423
    0.781549386    5.827905943  -19.962164128
    0.799215702    5.406325154  -26.669112349
    0.816882019    4.953707814  -23.243984393
    0.834548335    4.646065514  -10.920092633
    0.852214651    4.595561874    4.794729365
    0.869880967    4.802750027   17.253458850
    0.887547284    5.171064796   22.806874075
    0.905213600    5.579688610   22.274008771
    0.922879916    5.947920489   18.764064831
    0.940546233    6.244006084   14.124527610
    0.958212549    6.441484908    7.378547325
    0.975878865    6.489253903   -3.032671568
    0.993545181    6.323496020  -16.345933675
    1.011211498    5.923559076  -28.811321917
    1.028877814    5.346112800  -35.844097988
    1.046544130    4.710703601  -35.388922660
    1.064210447    4.140835879  -28.819252733
    1.081876763    3.720182175  -18.690697686
    1.099543079    3.509471110   -4.673089000
    1.117209395    3.609843844   17.484501095
    1.134875712    4.211302926   52.446120622
    1.152542028    5.543945973   99.366160848
    1.170208344    7.744463463  148.488252184
    1.187874660   10.717072817  184.073549318
    1.205540977   14.095809164  192.949126525
    1.223207293   17.366482933  172.479362983
    1.240873609   20.082232311  132.622232455
    1.258539926   22.050261838   90.767858658
    1.276206242   23.375787029   61.737768115
    1.293872558   24.344367181   50.104994382
    1.311538874   25.217755442   49.193894471
    1.329205191   26.085813357   47.539575769
    1.346871507   26.860650052   38.319241933
    1.364537823   27.409122261   22.658410087
    1.382204140   27.677490669    8.017037934
    1.399870456   27.744356140    0.580285678
    1.417536772   27.755489522    1.638292664
    1.435203088   27.839324988    8.198002518
    1.452869405   28.061812832   16.781074132
    1.470535721   28.437727739   25.496998063
    1.488202037   28.959734603   32.987168437
    1.505868353   29.596048588   38.125966836
    1.523534670   30.289577182   39.278074573
    1.541200986   30.960485294   35.646912701
    1.558867302   31.529081226   28.079329319
    1.576533619   31.948089207   19.087646005
    1.594199935   32.219304504   11.753114119
    1.611866251   32.391458911    8.077926666
    1.629532567   32.532201981    8.122647237
    1.647198884   32.694459975   10.117330658
    1.664865200   32.892414714   11.860180328
    1.682531516   33.105649780   11.543954939
    1.700197833   33.292359632    9.002048119
    1.717864149   33.418697400    4.951036672
    1.735530465   33.470849532    0.662881420
    1.753196781   33.453362511   -2.570002236
    1.770863098   33.392269586   -4.209392088
    1.788529414   33.320404965   -3.810605444
    1.806195730   33.274787825   -1.236359950
    1.823862047   33.291309691    3.065967175
    1.841528363   33.389754348    7.747867196
    1.859194679   33.559497225   10.746893200
    1.876860995   33.751104655   10.085183643
    1.894527312   33.893048858    5.080035300
    1.912193628   33.919841279   -2.410485273
    1.929859944   33.818018733   -8.893453148
    1.947526260   33.637335583  -10.861547889
    1.965192577   33.471183362   -7.365485935
    1.982858893   33.401090500   -0.491643949
    2.000525209   33.455071506    6.037567771
    2.018191526   33.600918213    9.670662033
    2.035857842   33.781855766   10.197629256
    2.053524158   33.956164281    9.160342187
    2.071190474   34.109036703    7.944081687
    2.088856791   34.239519167    6.472258497
    2.106523107   34.335296236    3.938552253
    2.124189423   34.372557110   -0.193737874
    2.141855740   34.327509211   -5.102554792
    2.159522056   34.200292813   -9.300228721
    2.177188372   34.017471670  -11.155073734
    2.194854688   33.828313505   -9.981884688
    2.212521005   33.684202997   -6.222437908
    2.230187321   33.619348183   -1.235163192
    2.247853637   33.638804798    2.933253793
    2.265519953   33.713751493    4.897967796
    2.283186270   33.801013130    4.414519051
    2.300852586   33.867213002    2.856661810
    2.318518902   33.908342107    1.743921834
    2.336185219   33.938865021    1.656024071
    2.353851535   33.969558865    1.423791126
    2.371517851   33.983098052   -0.474117182
    2.389184167   33.945288591   -4.237031083
    2.406850484   33.836230745   -8.153762262
    2.424516800   33.674688253   -9.841070724
    2.442183116   33.512017040   -8.332733944
    2.459849433   33.396684118   -4.725964221
    2.477515749   33.348314859   -1.137618218
    2.495182065   33.353400425    1.282211525
    2.512848381   33.392510105    2.912972329
    2.530514698   33.461656819    4.735161670
    2.548181014   33.567051262    6.955847270
    2.565847330   33.707647612    8.488334934
    2.583513647   33.858114570    7.913430861
    2.601179963   33.976412170    4.933345669
    2.618846279   34.028526253    0.736556872
    2.636512595   34.010397063   -2.759694978
    2.654178912   33.947592524   -4.250882113
    2.671845228   33.876783915   -3.701326872
    2.689511544   33.826799494   -2.099733932
    2.707177860   33.806962404   -0.371103290
    2.724844177   33.814105206    0.811864376
    2.742510493   33.835947886    1.345212865
    2.760176809   33.861370533    1.195137400
    2.777843126   33.879598818    0.610671163
    2.795509442   33.887333950    0.127065253
    2.813175758   33.891948580    0.320016029
    2.830842074   33.908485905    1.519583976
    2.848508391   33.952743390    3.294399944
    2.866174707   34.027014127    4.736012470
    2.883841023   34.117113099    5.024063451
    2.901507340   34.199865665    3.927096383
    2.919173656   34.255412256    2.104433625
    2.936839972   34.279223590    0.449868550
    2.954506288   34.279286730   -0.596014193
    2.972172605   34.265623787   -1.079622522
    2.989838921   34.246995761   -1.194985986
    3.007505237   34.230685961   -0.709303575
    3.025171553   34.230749783    0.554753784
    3.042837870   34.258460621    2.399888916
    3.060504186   34.317803230    3.996766631
    3.078170502   34.398989606    4.851019414
    3.095836819   34.489719759    5.099426049
    3.113503135   34.583267689    5.388235660
    3.131169451   34.685406528    6.079859836
    3.148835767   34.805356574    7.328748875
    3.166502084   34.952620763    9.203134027
    3.184168400   35.135600644   11.300087284
    3.201834716   35.351577943   12.706898002
    3.219501033   35.576370279   12.076821466
    3.237167349   35.766742651    8.841409074
    3.254833665   35.885128370    4.348533828
    3.272499981   35.933271240    1.380567147
    3.290166298   35.961195462    2.359335060
    3.307832614   36.044314892    7.334905852
    3.325498930   36.233951401   13.877230406
    3.343165247   36.527478975   18.569148521
    3.360831563   36.868634469   19.012792293
    3.378497879   37.175217403   14.785137003
    3.396164195   37.376973283    7.623380373
    3.413830512   37.448993627    0.582955334
    3.431496828   37.421921867   -3.140912715
    3.449163144   37.369503444   -2.217873016
    3.466829460   37.369436122    2.479002637
    3.484495777   37.469962500    8.762794363
    3.502162093   37.685011863   15.384332242
    3.519828409   38.021202724   22.602704729
    3.537494726   38.498186809   31.494184645
    3.555161042   39.148811439   42.147903193
    3.572827358   39.996920053   53.660695561
    3.590493674   41.046570696   64.704842679
    3.608159991   42.282805314   74.848728521
    3.625826307   43.690933619   84.297304515
    3.643492623   45.264994828   93.640060918
    3.661158940   47.009314898  103.650898445
    3.678825256   48.939698409  114.842731499
    3.696491572   51.076213618  126.785302920
    3.714157888   53.418205997  137.686712698
    3.731824205   55.919423955  144.178301344
    3.749490521   58.470609526  142.748517077
    3.767156837   60.911250326  131.742535473
    3.784823153   63.076876631  112.008909612
    3.802489470   64.841377574   87.087850261
    3.820155786   66.153431616   61.492475027
    3.837822102   67.037941822   39.214714632
    3.855488419   67.575632533   22.470849301
    3.873154735   67.869041334   11.512757027
    3.890821051   68.012541149    5.215200697
    3.908487367   68.074714097    2.080467825
    3.926153684   68.098793278    0.701607748
    3.943820000   68.106554545    0.212249254
