#! FIELDS d1 file.free der_d1
#! SET min_d1 -0.173267
#! SET max_d1 4.66311
#! SET nbins_d1  275
#! SET periodic_d1 false
   -0.173267000   89.841660471   -1.988062213
   -0.155615989   89.771554044   -6.614016668
   -0.137964978   89.560617349  -19.012415709
   -0.120313967   89.003464914  -47.680826576
   -0.102662956   87.707426228 -104.858827851
   -0.085011945   85.064606525 -201.678294382
   -0.067360934   80.344007267 -338.721026510
   -0.049709923   72.987336022 -494.702181376
   -0.032058912   63.028138756 -624.777514331
   -0.014407901   51.393869108 -676.608893658
    0.003243109   39.788229068 -619.876100270
    0.020894120   30.067084789 -469.658737280
    0.038545131   23.425976048 -282.333283420
    0.056196142   19.922339479 -123.748486350
    0.073847153   18.649000588  -32.638179275
    0.091498164   18.378229916   -6.702681278
    0.109149175   18.197869662  -16.772561845
    0.126800186   17.749052042  -33.219519901
    0.144451197   17.068658107  -42.221874278
    0.162102208   16.293854136  -44.869363651
    0.179753219   15.483467596  -46.976343182
    0.197404230   14.620276116  -51.025535616
    0.215055241   13.677151197  -56.985571472
    0.232706252   12.621482731  -63.556211436
    0.250357263   11.435165103  -71.530160469
    0.268008274   10.097951081  -80.204833737
    0.285659285    8.631508573  -85.277753341
    0.303310296    7.145645724  -81.956481609
    0.320961307    5.805079476  -68.785970532
    0.338612318    4.754849961  -50.546170718
    0.356263328    4.015880392  -34.726767845
    0.373914339    3.486483887  -27.097080742
    0.391565350    3.014307094  -27.831892185
    0.409216361    2.494716305  -31.453199740
    0.426867372    1.936478671  -31.488920302
    0.444518383    1.429890444  -25.418515531
    0.462169394    1.063015341  -16.653104604
    0.479820405    0.835844713  -10.218694004
    0.497471416    0.678070707   -9.104014089
    0.515122427    0.505344693  -11.223373232
    0.532773438    0.298223258  -12.308728149
    0.550424449    0.105218457   -9.320578487
    0.568075460    0.000000000   -2.680809298
    0.585726471    0.023360481    4.330488332
    0.603377482    0.147838597    8.848766290
    0.621028493    0.320987097    9.837322584
    0.638679504    0.496284469    8.913206599
    0.656330515    0.649067830    7.891435963
    0.673981526    0.779806361    6.223943767
    0.691632536    0.873434518    3.716840843
    0.709283547    0.923734050    1.570463172
    0.726934558    0.959810819    2.519154496
    0.744585569    1.048884063    8.015751405
    0.762236580    1.263490671   15.861324074
    0.779887591    1.613046172   22.103849738
    0.797538602    2.031035188   23.789949917
    0.815189613    2.436183510   21.090380790
    0.832840624    2.783872857   17.887959243
    0.850491635    3.096393621   17.193838105
    0.868142646    3.416871873   18.626905539
    0.885793657    3.758045474   19.270731140
    0.903444668    4.093883937   18.107350820
    0.921095679    4.415263086   17.935198345
    0.938746690    4.766464376   22.228923285
    0.956397701    5.228984025   29.767602021
    0.974048712    5.814135848   34.677695664
    0.991699723    6.420559874   32.101849399
    1.009350734    6.910417654   22.329939066
    1.027001745    7.219385070   12.726571324
    1.044652755    7.423885234   11.764726357
    1.062303766    7.703549798   20.503797908
    1.079954777    8.177249769   32.128443143
    1.097605788    8.809626701   37.370615784
    1.115256799    9.441435833   32.097270576
    1.132907810    9.920723807   21.608018328
    1.150558821   10.240131295   15.410700875
    1.168209832   10.541896766   19.771922548
    1.185860843   11.004435102   33.092224358
    1.203511854   11.714316103   45.983189632
    1.221162865   12.582912415   49.882522080
    1.238813876   13.415324776   42.067562220
    1.256464887   14.033480120   26.718759055
    1.274115898   14.373109405   11.749496072
    1.291766909   14.501277354    3.657186409
    1.309417920   14.560841711    3.914257325
    1.327068931   14.676715990    9.150564268
    1.344719942   14.885936958   13.436991552
    1.362370953   15.128770732   12.580614790
    1.380021964   15.307333878    6.380696939
    1.397672974   15.366559244    0.463936578
    1.415323985   15.371033839    1.191139191
    1.432974996   15.473843204   11.444351063
    1.450626007   15.814031620   26.576691452
    1.468277018   16.392435108   37.133517140
    1.485928029   17.057339990   35.479147830
    1.503579040   17.586130650   22.308590281
    1.521230051   17.836002786    5.822671592
    1.538881062   17.838817703   -4.055639740
    1.556532073   17.768858047   -2.586457505
    1.574183084   17.805783699    6.856289487
    1.591834095   18.012818829   15.261600297
    1.609485106   18.295338424   14.632235553
    1.627136117   18.483195023    4.867184709
    1.644787128   18.471466718   -6.238253661
    1.662438139   18.313427608  -10.613966930
    1.680089150   18.162477312   -5.437029953
    1.697740161   18.156475885    4.492353774
    1.715391172   18.314779700   11.900848433
    1.733042182   18.542386599   12.251494620
    1.750693193   18.718195475    6.358409937
    1.768344204   18.768690300   -0.818698233
    1.785995215   18.715614868   -5.245552145
    1.803646226   18.620685415   -5.054527534
    1.821297237   18.556254323   -2.323411070
    1.838948248   18.553122179    1.570359848
    1.856599259   18.628660400    6.887830470
    1.874250270   18.818209209   14.361262446
    1.891901281   19.161664360   24.213321936
    1.909552292   19.672426842   32.787204981
    1.927203303   20.284447903   34.430803873
    1.944854314   20.831234368   25.255669914
    1.962505325   21.121849310    5.998553395
    1.980156336   21.026162348  -17.564756607
    1.997807347   20.541763817  -36.357477967
    2.015458358   19.819053924  -43.696832477
    2.033109369   19.089635028  -36.973475011
    2.050760380   18.592623063  -18.213997363
    2.068411391   18.495319558    7.166876684
    2.086062401   18.846363848   31.060226336
    2.103713412   19.539528836   44.628470863
    2.121364423   20.326694201   40.974962140
    2.139015434   20.885259188   19.082159385
    2.156666445   20.948903380  -12.753132265
    2.174317456   20.468407776  -39.880594116
    2.191968467   19.662287479  -47.766799856
    2.209619478   18.932117529  -31.962024343
    2.227270489   18.636928380   -0.781688311
    2.244921500   18.908093634   29.657526044
    2.262572511   19.606249671   45.959754445
    2.280223522   20.429948053   43.886191213
    2.297874533   21.083421314   28.104266040
    2.315525544   21.398358420    7.211372172
    2.333176555   21.373871341   -9.011000147
    2.350827566   21.155296971  -14.192357861
    2.368478577   20.947517253   -8.133207273
    2.386129588   20.900924197    2.243271558
    2.403780599   21.013159278    8.622515702
    2.421431609   21.168068894    7.149959109
    2.439082620   21.247299326    1.064085875
    2.456733631   21.224180147   -3.277307119
    2.474384642   21.166055680   -3.169610114
    2.492035653   21.137109811   -0.539063479
    2.509686664   21.147343894    0.709638512
    2.527337675   21.160126984    0.391958054
    2.544988686   21.173907152    1.293724181
    2.562639697   21.230956487    5.003030849
    2.580290708   21.359817971    8.781751207
    2.597941719   21.515705754    6.879722064
    2.615592730   21.568885287   -2.217816054
    2.633243741   21.430460012  -13.316733647
    2.650894752   21.148564299  -17.283999791
    2.668545763   20.907606715   -8.189572764
    2.686196774   20.919420921    9.600214060
    2.703847785   21.239750293   24.911327085
    2.721498796   21.726104099   26.865867562
    2.739149807   22.106498487   13.742846415
    2.756800818   22.172716414   -6.892908088
    2.774451828   21.903972153  -22.206116595
    2.792102839   21.486178158  -22.634088144
    2.809753850   21.204482703   -7.796367493
    2.827404861   21.260572770   13.706496986
    2.845055872   21.650188574   27.834910894
    2.862706883   22.135896648   23.146258699
    2.880357894   22.359800644   -0.885280922
    2.898008905   22.066337481  -32.677104199
    2.915659916   21.277836309  -53.762562189
    2.933310927   20.319408708  -50.898070581
    2.950961938   19.623948892  -25.440973309
    2.968612949   19.465417849    6.372644369
    2.986263960   19.777463279   25.123557853
    3.003914971   20.230408623   22.424428634
    3.021565982   20.491657206    5.480317197
    3.039216993   20.441616910  -10.080913101
    3.056868004   20.209458299  -14.647951989
    3.074519015   19.986026195  -10.270833313
    3.092170026   19.851508712   -6.057394534
    3.109821036   19.744180329   -7.567679225
    3.127472047   19.578481345  -11.385159757
    3.145123058   19.377233241  -10.811653282
    3.162774069   19.249519239   -3.353237678
    3.180425080   19.280887489    6.163062863
    3.198076091   19.442382191   10.482522607
    3.215727102   19.612387244    7.263488406
    3.233378113   19.686783736    0.817204690
    3.251029124   19.662116333   -3.058205176
    3.268680135   19.622635415   -0.933816479
    3.286331146   19.676668453    7.489456537
    3.303982157   19.916295560   19.774799200
    3.321633168   20.386851615   32.986192767
    3.339284179   21.059295265   41.491198952
    3.356935190   21.790436428   38.449529693
    3.374586201   22.338570184   20.615416830
    3.392237212   22.469624835   -7.071205579
    3.409888223   22.112367973  -32.050462167
    3.427539234   21.432555481  -42.263655178
    3.445190245   20.736890217  -34.556712700
    3.462841255   20.286679832  -16.175328699
    3.480492266   20.164623204    0.675423425
    3.498143277   20.263773251    8.325143382
    3.515794288   20.406909725    6.285055302
    3.533445299   20.470780038    0.611383682
    3.551096310   20.460424550   -1.121720484
    3.568747321   20.496892410    6.452746007
    3.586398332   20.753820807   23.624972365
    3.604049343   21.361485927   45.184540716
    3.621700354   22.331603149   62.849906392
    3.639351365   23.517805149   68.497256572
    3.657002376   24.654515141   56.765481900
    3.674653387   25.432281610   28.796728050
    3.692304398   25.626824153   -7.493881525
    3.709955409   25.197391365  -40.054867218
    3.727606420   24.310371897  -57.569642874
    3.745257431   23.292783724  -54.646368713
    3.762908442   22.503198530  -33.022661959
    3.780559453   22.205294612   -0.183137663
    3.798210464   22.496723264   31.370025803
    3.815861474   23.245104579   49.972865270
    3.833512485   24.155298246   49.537013810
    3.851163496   24.914552676   34.416639211
    3.868814507   25.365318109   17.174677873
    3.886465518   25.586928222    9.787900404
    3.904116529   25.802251521   16.316692301
    3.921767540   26.214280325   30.114196042
    3.939418551   26.855828452   40.788279565
    3.957069562   27.601394426   41.523620896
    3.974720573   28.273811272   33.293649514
    3.992371584   28.774448948   23.457514782
    4.010022595   29.153252154   20.572438746
    4.027673606   29.578008694   28.965646884
    4.045324617   30.231164993   45.271203446
    4.062975628   31.175638600   60.642039196
    4.080626639   32.324995864   67.282323185
    4.098277650   33.511275880   65.723472371
    4.115928661   34.648594262   63.347169056
    4.133579672   35.798765616   67.867448134
    4.151230682   37.099149669   79.772543785
    4.168881693   38.623649714   92.116609528
    4.186532704   40.318765484   98.148699476
    4.204183715   42.062148332   98.431958475
    4.221834726   43.798149902   98.223696013
    4.239485737   45.557523316  101.232977959
    4.257136748   47.387344641  105.011390065
    4.274787759   49.239692614  102.859258069
    4.292438770   50.951550450   88.484837348
    4.310089781   52.292490966   60.947298305
    4.327740792   53.065224592   25.437689361
    4.345391803   53.213112216   -7.759004379
    4.363042814   52.899330293  -24.067549009
    4.380693825   52.554441648   -9.322941336
    4.398344836   52.804439992   43.656619029
    4.415995847   54.288115707  127.736592104
    4.433646858   57.385284728  221.895816491
    4.451297869   62.025968922  298.498301631
    4.468948880   67.687835044  334.482766432
    4.486599891   73.559166702  322.990166270
    4.504250901   78.862658168  272.708720439
    4.521901912   83.078903266  203.250264277
    4.539552923   86.050004171  134.534536664
    4.557203934   87.914268167   79.443584095
    4.574854945   88.961911620   41.794706477
    4.592505956   89.488746004   19.566612833
    4.610156967   89.724360308    8.220476907
    4.627807978   89.819617218    3.044176606
    4.645458989   89.854724050    0.902195011
    4.663110000   89.865243274    0.206777022
