#! FIELDS d_SNaC5_2 file.free der_d_SNaC5_2
#! SET min_d_SNaC5_2 0.146003
#! SET max_d_SNaC5_2 4.45001
#! SET nbins_d_SNaC5_2  245
#! SET periodic_d_SNaC5_2 false
    0.146003000   77.536156642   -1.383287635
    0.163642373   77.484037431   -4.892789253
    0.181281746   77.325445901  -14.426544683
    0.198921119   76.895381839  -37.234037258
    0.216560492   75.866813561  -84.438306373
    0.234199865   73.696872528 -168.439770094
    0.251839238   69.667823828 -295.054114832
    0.269478611   63.097424054 -452.653212584
    0.287117984   53.719255469 -605.560717836
    0.304757357   42.067314116 -701.456859782
    0.322396730   29.577896206 -695.229288449
    0.340036102   18.205285161 -577.221672676
    0.357675475    9.653056688 -385.254284955
    0.375314848    4.640609495 -188.091886513
    0.392954221    2.665006556  -49.012922298
    0.410593594    2.406490199    6.257498677
    0.428232967    2.494702715   -3.642826483
    0.445872340    2.146702327  -35.611179521
    0.463511713    1.332332979  -52.074538577
    0.481151086    0.477053795  -40.492644386
    0.498790459    0.000000000  -12.386798058
    0.516429832    0.015516775   12.320781850
    0.534069205    0.342979204   21.293169759
    0.551708578    0.700785754   17.202162949
    0.569347951    0.946653426   10.349868907
    0.586987324    1.122607505   10.580066575
    0.604626697    1.383013741   19.772464029
    0.622266070    1.845041731   32.137509367
    0.639905443    2.489982652   39.086034867
    0.657544816    3.164672090   34.924135422
    0.675184189    3.667129297   20.011829989
    0.692823561    3.852286654    0.173001158
    0.710462934    3.700812334  -16.844703015
    0.728102307    3.317235756  -25.522862484
    0.745741680    2.864722073  -24.899415670
    0.763381053    2.482944035  -18.298038149
    0.781020426    2.234499597  -10.524944863
    0.798659799    2.113133019   -3.960343239
    0.816299172    2.113208261    4.123857864
    0.833938545    2.313665637   19.876196857
    0.851577918    2.893697045   47.295974007
    0.869217291    4.039059761   82.611576193
    0.886856664    5.792981955  113.950429771
    0.904496037    7.965561571  128.256141755
    0.922135410   10.193084246  120.257651486
    0.939774783   12.121296014   96.137050545
    0.957414156   13.576631461   68.902269253
    0.975053529   14.608388464   49.326631029
    0.992692902   15.390004444   40.342285618
    1.010332275   16.080675968   38.031841498
    1.027971648   16.746390781   36.837773811
    1.045611020   17.378784146   34.112371780
    1.063250393   17.956864381   30.917659500
    1.080889766   18.492431812   29.624666106
    1.098529139   19.026957757   30.726175454
    1.116168512   19.590405123   32.599487724
    1.133807885   20.174255820   32.902680376
    1.151447258   20.742414746   30.795071301
    1.169086631   21.264314888   27.974411644
    1.186726004   21.747715038   26.738739904
    1.204365377   22.230550807   27.841520533
    1.222004750   22.744087613   29.827785551
    1.239644123   23.283176598   30.593747274
    1.257283496   23.816892087   29.320440023
    1.274922869   24.318458651   27.101339312
    1.292562242   24.785577210   25.608747188
    1.310201615   25.235902987   25.105412719
    1.327840988   25.677332691   24.465799460
    1.345480361   26.095004821   22.197894973
    1.363119734   26.455755986   18.104432723
    1.380759107   26.734799181   13.131957694
    1.398398480   26.929807423    8.728579785
    1.416037852   27.059656650    5.978152318
    1.433677225   27.156375457    4.817220405
    1.451316598   27.242162927    4.670826183
    1.468955971   27.326956799    4.488762921
    1.486595344   27.404347333    3.873952518
    1.504234717   27.469199831    3.142530155
    1.521874090   27.526667311    3.246620496
    1.539513463   27.594902255    4.309955863
    1.557152836   27.684964605    5.432660880
    1.574792209   27.784085151    5.236324466
    1.592431582   27.864616508    3.349328994
    1.610070955   27.906421380    1.086420845
    1.627710328   27.917963030    0.215003964
    1.645349701   27.930392136    1.133844102
    1.662989074   27.968464268    2.857387341
    1.680628447   28.033067973    3.884955361
    1.698267820   28.103816858    3.596639945
    1.715907193   28.159273474    2.323347702
    1.733546566   28.189285833    0.739094211
    1.751185939   28.191904405   -0.877146363
    1.768825311   28.163650382   -2.748965857
    1.786464684   28.098842970   -4.897428768
    1.804104057   27.998696436   -6.563832695
    1.821743430   27.883138864   -6.549410133
    1.839382803   27.787317120   -4.300107462
    1.857022176   27.744047692   -0.862694851
    1.874661549   27.759505939    2.074461396
    1.892300922   27.812582571    3.262531211
    1.909940295   27.871890125    3.052370394
    1.927579668   27.923808709    2.678151357
    1.945219041   27.977507633    3.211145059
    1.962858414   28.049805204    4.760752100
    1.980497787   28.148667668    5.987222806
    1.998137160   28.256786670    5.644507215
    2.015776533   28.342438674    3.462757388
    2.033415906   28.380015083    0.423259084
    2.051055279   28.366694738   -2.095209216
    2.068694652   28.319641191   -3.309374293
    2.086334025   28.261599350   -3.478528578
    2.103973398   28.204263101   -3.345896552
    2.121612770   28.148623909   -3.261084483
    2.139252143   28.096705928   -2.870143135
    2.156891516   28.057959345   -1.731962723
    2.174530889   28.044121176   -0.205506691
    2.192170262   28.054616279    0.982433760
    2.209809635   28.079644109    1.469273933
    2.227449008   28.112343681    1.999078690
    2.245088381   28.161373529    3.486787695
    2.262727754   28.244735230    5.613455291
    2.280367127   28.360309290    6.853582160
    2.298006500   28.476527645    5.490534831
    2.315645873   28.543734771    1.506040038
    2.333285246   28.530684234   -3.182667575
    2.350924619   28.447528613   -6.164200486
    2.368563992   28.337498900   -6.189759875
    2.386203365   28.247371439   -4.173678550
    2.403842738   28.195862083   -2.134509330
    2.421482111   28.168890262   -1.525462702
    2.439121484   28.139304732   -2.300872739
    2.456760857   28.093459547   -3.118862339
    2.474400230   28.042857070   -2.703286171
    2.492039602   28.013284998   -0.758248724
    2.509678975   28.025431612    1.810225363
    2.527318348   28.078665204    3.713272363
    2.544957721   28.152886262    4.132436012
    2.562597094   28.221199329    3.122836778
    2.580236467   28.264567111    1.385182518
    2.597875840   28.276560696   -0.304476658
    2.615515213   28.262047615   -1.564337044
    2.633154586   28.230065640   -2.237296682
    2.650793959   28.191326806   -2.398217327
    2.668433332   28.154184765   -2.079083378
    2.686072705   28.125668211   -1.453916687
    2.703712078   28.109643572   -0.701351659
    2.721351451   28.106745526    0.017063407
    2.738990824   28.115368439    0.613055212
    2.756630197   28.133207207    1.023057459
    2.774269570   28.156824312    1.369556740
    2.791908943   28.187199265    1.766288759
    2.809548316   28.226289916    2.345544888
    2.827187689   28.274350718    2.701109326
    2.844827061   28.321022788    2.002012802
    2.862466434   28.341391643   -0.255489784
    2.880105807   28.311189922   -3.556087271
    2.897745180   28.225805318   -6.177854895
    2.915384553   28.113578895   -6.373526284
    2.933023926   28.024428890   -3.621466354
    2.950663299   28.001903552    0.908088681
    2.968302672   28.059957262    5.113045456
    2.985942045   28.176179038    7.324689503
    3.003581418   28.308084445    6.902578316
    3.021220791   28.413332114    4.489016221
    3.038860164   28.468203854    1.390018134
    3.056499537   28.472201401   -1.062037147
    3.074138910   28.443546989   -2.260400869
    3.091778283   28.404136518   -2.400386207
    3.109417656   28.366269410   -2.209270299
    3.127057029   28.330551186   -2.218410030
    3.144696402   28.294050769   -2.169399779
    3.162335775   28.264107870   -1.366820301
    3.179975148   28.257749367    0.483602675
    3.197614520   28.288466341    2.569238148
    3.215253893   28.346203671    3.333053145
    3.232893266   28.397809330    1.820665325
    3.250532639   28.406273803   -1.291371349
    3.268172012   28.359498853   -4.078774205
    3.285811385   28.279729936   -4.894207142
    3.303450758   28.204325908   -3.725865392
    3.321090131   28.158248271   -1.890198533
    3.338729504   28.140152146   -0.568367060
    3.356368877   28.138544121   -0.005341908
    3.374008250   28.146016665    0.563029254
    3.391647623   28.167175434    1.585583427
    3.409286996   28.207853696    2.617603242
    3.426926369   28.260751677    2.884174961
    3.444565742   28.309881235    2.284883616
    3.462205115   28.346175558    1.590288079
    3.479844488   28.377373098    1.800091584
    3.497483861   28.422865619    3.215679292
    3.515123234   28.498710755    5.037373391
    3.532762607   28.600695440    5.993014772
    3.550401980   28.705841735    5.319321651
    3.568041352   28.787539058    3.546544057
    3.585680725   28.839101429    2.160508978
    3.603320098   28.882005895    2.817753661
    3.620959471   28.957146554    5.616141877
    3.638598844   29.090244969    9.097427701
    3.656238217   29.273192506   10.926913400
    3.673877590   29.464170047    9.926046041
    3.691516963   29.618000942    7.056493354
    3.709156336   29.720703714    4.506741565
    3.726795709   29.796141386    4.154260141
    3.744435082   29.887695015    6.247876192
    3.762074455   30.029382713    9.511012354
    3.779713828   30.225924985   12.264120284
    3.797353201   30.458611694   13.526114414
    3.814992574   30.701689623   13.561503934
    3.832631947   30.941448918   13.321223992
    3.850271320   31.183678853   14.041293507
    3.867910693   31.453614004   16.648375284
    3.885550066   31.790875171   21.663402254
    3.903189439   32.237263123   28.915302017
    3.920828811   32.823717555   37.372489145
    3.938468184   33.558397692   45.333246844
    3.956107557   34.416549073   51.054399962
    3.973746930   35.346355808   53.433536849
    3.991386303   36.287848067   52.443783450
    4.009025676   37.191018387   49.473018204
    4.026665049   38.042610592   47.092221743
    4.044304422   38.881314664   48.548540907
    4.061943795   39.801596772   56.681325266
    4.079583168   40.932904728   72.346632337
    4.097222541   42.396087986   93.883815088
    4.114861914   44.264052755  117.535132440
    4.132501287   46.539047845  139.504344254
    4.150140660   49.169228457  157.554923219
    4.167780033   52.080374550  171.584881702
    4.185419406   55.206256825  181.855018528
    4.203058779   58.477261648  187.799385508
    4.220698152   61.800264475  187.389792810
    4.238337525   65.043852423  178.630322050
    4.255976898   68.055992348  161.149192770
    4.273616270   70.696596017  136.940366062
    4.291255643   72.872965990  109.278970437
    4.308895016   74.555036287   81.379152883
    4.326534389   75.765583400   56.131732955
    4.344173762   76.569414221   35.578830577
    4.361813135   77.057523099   20.548350176
    4.379452508   77.328311599   10.573160298
    4.397091881   77.461225807    4.908317734
    4.414731254   77.520337401    1.999458462
    4.432370627   77.543283465    0.725928083
    4.450010000   77.551365966    0.220415671
