#! FIELDS d_C5C5_2 file.free der_d_C5C5_2
#! SET min_d_C5C5_2 0.128935
#! SET max_d_C5C5_2 5.36926
#! SET nbins_d_C5C5_2  298
#! SET periodic_d_C5C5_2 false
    0.128935000  102.815059226   -0.646061019
    0.146579192  102.786699340   -2.658089287
    0.164223384  102.695315761   -8.490226754
    0.181867576  102.430975607  -23.515072918
    0.199511768  101.753352370  -57.296444218
    0.217155960  100.217629429 -123.057532548
    0.234800152   97.147695049 -232.610826029
    0.252444343   91.740331722 -386.450794935
    0.270088535   83.368978890 -562.807155347
    0.287732727   72.008719134 -716.224879680
    0.305376919   58.544253698 -793.248691862
    0.323021111   44.662388803 -761.394822103
    0.340665303   32.254321193 -632.067478974
    0.358309495   22.621744779 -457.638571572
    0.375953687   15.987588694 -301.648037934
    0.393597879   11.626338514 -203.202037918
    0.411242071    8.475336930 -161.228268430
    0.428886263    5.773404804 -146.409486994
    0.446530455    3.335486874 -127.120437902
    0.464174646    1.398289818  -89.169710424
    0.481818838    0.260118338  -38.843770577
    0.499463030    0.000000000    7.547104523
    0.517107222    0.421759030   36.754402373
    0.534751414    1.184804601   45.799130145
    0.552395606    1.975896909   41.595047516
    0.570039798    2.639942608   32.953680825
    0.587683990    3.160334693   26.097943656
    0.605328182    3.589840668   22.667470191
    0.622972374    3.982489802   21.448029730
    0.640616566    4.363562892   21.217046836
    0.658260758    4.744884474   21.301487899
    0.675904949    5.131624501   21.812374317
    0.693549141    5.527247202   22.197161640
    0.711193333    5.920160875   21.336028965
    0.728837525    6.275252427   17.766662389
    0.746481717    6.536289202   10.538197324
    0.764125909    6.637686866   -0.184791737
    0.781770101    6.531276027  -12.553561295
    0.799414293    6.217014353  -23.128861946
    0.817058485    5.759616972  -28.165462930
    0.834702677    5.279174231  -25.671585157
    0.852346869    4.903178352  -16.797499669
    0.869991061    4.711041486   -5.678758745
    0.887635253    4.695023940    2.305711405
    0.905279444    4.762045213    3.253619670
    0.922923636    4.772821116   -3.881483286
    0.940567828    4.602529998  -16.645354366
    0.958212020    4.194082091  -29.941373291
    0.975856212    3.589654651  -37.792902096
    0.993500404    2.928119627  -35.960724498
    1.011144596    2.395859438  -23.403552691
    1.028788788    2.160612520   -3.101116266
    1.046432980    2.310426463   19.210235216
    1.064077172    2.828412074   37.800184185
    1.081721364    3.615843862   49.594352909
    1.099365556    4.555463893   55.676576375
    1.117009747    5.589484202   61.461036222
    1.134653939    6.776298402   74.053509844
    1.152298131    8.280518275   97.501741993
    1.169942323   10.268281840  127.387121794
    1.187586515   12.748059945  150.503367049
    1.205230707   15.465914151  152.454838909
    1.222874899   17.981979231  127.977394843
    1.240519091   19.893402433   86.655498718
    1.258163283   21.063201994   47.109650187
    1.275807475   21.670876994   24.669706020
    1.293451667   22.063981634   21.813574650
    1.311095859   22.518908679   29.795459386
    1.328740051   23.118294797   36.551820665
    1.346384242   23.772077234   35.493487965
    1.364028434   24.342442040   27.697454993
    1.381672626   24.754559529   18.607182533
    1.399316818   25.035546393   13.562571673
    1.416961010   25.283289002   15.180036899
    1.434605202   25.611475673   22.277728977
    1.452249394   26.085500986   30.786712946
    1.469893586   26.687418624   36.041479952
    1.487537778   27.333126322   35.573023392
    1.505181970   27.927890766   30.812192591
    1.522826162   28.425491380   25.304065833
    1.540470354   28.840453403   21.560066096
    1.558114545   29.205694239   19.418370609
    1.575758737   29.532772121   16.847691706
    1.593402929   29.799632606   12.647415885
    1.611047121   29.980802932    7.385481980
    1.628691313   30.071393751    2.654487566
    1.646335505   30.092112107   -0.618572993
    1.663979697   30.069091045   -2.331195867
    1.681623889   30.025810577   -2.888604458
    1.699268081   29.978957960   -2.754725820
    1.716912273   29.938099445   -2.394583318
    1.734556465   29.902424002   -2.252566311
    1.752200657   29.864610439   -2.571828320
    1.769844848   29.818372675   -3.084423635
    1.787489040   29.765183779   -3.332546899
    1.805133232   29.710893291   -3.217757642
    1.822777424   29.658715275   -3.277924834
    1.840421616   29.600717960   -3.849885862
    1.858065808   29.528426095   -4.824073145
    1.875710000   29.440366824   -5.509014019
    1.893354192   29.347109356   -5.376993828
    1.910998384   29.264564311   -4.322282158
    1.928642576   29.204885998   -2.947019058
    1.946286768   29.165591693   -2.132717149
    1.963930960   29.129878369   -2.596020451
    1.981575152   29.074558816   -4.259915744
    1.999219343   28.987561831   -5.955482708
    2.016863535   28.882058631   -6.123338498
    2.034507727   28.791436116   -4.358280668
    2.052151919   28.740897222   -1.863317390
    2.069796111   28.726059742   -0.610966921
    2.087440303   28.715162991   -1.348242402
    2.105084495   28.681232518   -2.989438281
    2.122728687   28.623535241   -3.842305211
    2.140372879   28.562847697   -3.302275843
    2.158017071   28.517081952   -2.394754938
    2.175661263   28.482508855   -2.230523600
    2.193305455   28.440970014   -3.061877882
    2.210949646   28.379609505   -4.401716509
    2.228593838   28.294757937   -5.619983192
    2.246238030   28.193285785   -6.255776359
    2.263882222   28.090863154   -5.595943272
    2.281526414   28.014006193   -3.279831789
    2.299170606   27.989307649    0.008329852
    2.316814798   28.017830726    2.458699122
    2.334458990   28.068045092    2.201631221
    2.352103182   28.089056859   -0.640107806
    2.369747374   28.051174488   -3.935007638
    2.387391566   27.968976719   -5.382496881
    2.405035758   27.884551746   -4.321788708
    2.422679949   27.831024364   -2.325941402
    2.440324141   27.804921160   -1.435444334
    2.457968333   27.777728420   -2.317046874
    2.475612525   27.727182363   -3.754956709
    2.493256717   27.660030246   -4.149789242
    2.510900909   27.600658520   -2.837492918
    2.528545101   27.572329832   -0.871310047
    2.546189293   27.574584773    0.446145445
    2.563833485   27.589195927    0.520560521
    2.581477677   27.596120066   -0.251093335
    2.599121869   27.587079969   -1.268765724
    2.616766061   27.562909000   -1.884564588
    2.634410253   27.533047819   -1.841295752
    2.652054444   27.509035268   -1.284767417
    2.669698636   27.495379838   -0.792727657
    2.687342828   27.483395144   -1.304507511
    2.704987020   27.450600976   -3.059319483
    2.722631212   27.381513444   -5.207177812
    2.740275404   27.283129264   -6.135698264
    2.757919596   27.187053678   -4.863099827
    2.775563788   27.128912543   -2.071590822
    2.793207980   27.120718725    0.476167486
    2.810852172   27.145714200    1.537103949
    2.828496364   27.174586452    1.071003075
    2.846140556   27.186781436   -0.234275473
    2.863784747   27.174770084   -1.627809540
    2.881428939   27.140811183   -2.663297617
    2.899073131   27.091345897   -3.321089989
    2.916717323   27.034348727   -3.532142327
    2.934361515   26.977831715   -3.276148310
    2.952005707   26.929479306   -2.648696864
    2.969649899   26.894096792   -1.900746775
    2.987294091   26.871114610   -1.246160607
    3.004938283   26.856790264   -0.887566658
    3.022582475   26.846390755   -0.742407672
    3.040226667   26.840404017   -0.370398152
    3.057870859   26.845976134    0.648224966
    3.075515051   26.874059418    2.070574771
    3.093159242   26.924382999    2.940213153
    3.110803434   26.978453424    2.436098375
    3.128447626   27.010694397    0.565261060
    3.146091818   27.005264022   -1.567335514
    3.163736010   26.971086334   -2.508146812
    3.181380202   26.936672948   -1.564885664
    3.199024394   26.932203339    0.629400604
    3.216668586   26.967410911    2.670756477
    3.234312778   27.026043507    3.229355200
    3.251956970   27.077410707    1.832720944
    3.269601162   27.093630568   -0.636238356
    3.287245354   27.067343939   -2.597224334
    3.304889545   27.019319685   -3.068931445
    3.322533737   26.977911996   -1.899034336
    3.340177929   26.963847154   -0.247033661
    3.357822121   26.974028597    0.726264004
    3.375466313   26.992101748    0.722509300
    3.393110505   27.007184150    0.517332966
    3.410754697   27.024263404    1.080250916
    3.428398889   27.057580855    2.212532514
    3.446043081   27.108143763    2.866378006
    3.463687273   27.159616032    2.224026211
    3.481331465   27.191181109    0.845851057
    3.498975657   27.201027428   -0.036436287
    3.516619848   27.206959380    0.431045459
    3.534264040   27.230266761    1.774054007
    3.551908232   27.276993925    2.845464711
    3.569552424   27.333718906    2.914610937
    3.587196616   27.383478840    2.201295615
    3.604840808   27.419516806    1.460358937
    3.622485000   27.447919572    1.322409714
    3.640129192   27.479716865    1.901897540
    3.657773384   27.525110297    2.754899551
    3.675417576   27.585439256    3.595673723
    3.693061768   27.658529633    4.131410923
    3.710705960   27.737568244    4.229925697
    3.728350152   27.813931735    3.824460347
    3.745994343   27.878000412    2.854851438
    3.763638535   27.920153048    1.365873858
    3.781282727   27.933594094   -0.268537356
    3.798926919   27.921846424   -1.437585296
    3.816571111   27.898966830   -1.463631657
    3.834215303   27.887781011   -0.046663931
    3.851859495   27.910828505    2.231390656
    3.869503687   27.974099324    4.272523196
    3.887147879   28.063585150    5.096977891
    3.904792071   28.155236698    4.605760960
    3.922436263   28.232592421    3.776396674
    3.940080455   28.301475953    3.699567161
    3.957724646   28.379217581    4.704457152
    3.975368838   28.476048376    5.594144752
    3.993013030   28.577637302    5.208804386
    4.010657222   28.659155614    3.382985601
    4.028301414   28.706439695    1.637436991
    4.045945606   28.734102645    1.288251886
    4.063589798   28.768839947    2.305891617
    4.081233990   28.825066355    3.546598039
    4.098878182   28.898118356    4.132872078
    4.116522374   28.978322433    4.459594558
    4.134166566   29.067374010    5.352489553
    4.151810758   29.180038388    7.018453903
    4.169454949   29.323977470    8.677888016
    4.187099141   29.489238804    9.313499767
    4.204743333   29.654568184    8.869479557
    4.222387525   29.807608796    8.039501085
    4.240031717   29.950792098    7.815140976
    4.257675909   30.096145910    8.241325904
    4.275320101   30.248808678    8.478543251
    4.292964293   30.398441771    7.831704479
    4.310608485   30.530724623    6.772843613
    4.328252677   30.649705412    6.496684288
    4.345896869   30.778628710    7.775736664
    4.363541061   30.938216883    9.843739228
    4.381185253   31.127129348   10.702054947
    4.398829444   31.310539086    9.262915950
    4.416473636   31.450968278    6.003256867
    4.434117828   31.531433961    2.812204221
    4.451762020   31.569339377    1.441902712
    4.469406212   31.604981781    2.546356866
    4.487050404   31.678772572    5.573213621
    4.504694596   31.812765886    9.043968273
    4.522338788   31.999308143   11.429914192
    4.539982980   32.210179685   11.556408787
    4.557627172   32.407422892   10.049825792
    4.575271364   32.572803178    8.411140503
    4.592915556   32.718137293    7.857692274
    4.610559747   32.867555556    8.807357716
    4.628203939   33.040216855   10.261015377
    4.645848131   33.234603928   11.166815975
    4.663492323   33.434941057   10.822906739
    4.681136515   33.619909590    9.568760256
    4.698780707   33.777673402    7.849952743
    4.716424899   33.907338249    6.488828388
    4.734069091   34.022045878    6.293906389
    4.751713283   34.147169775    7.711832596
    4.769357475   34.307879641   10.119538089
    4.787001667   34.509604989   12.119232796
    4.804645859   34.735147917   12.670960834
    4.822290051   34.958879521   12.141956045
    4.839934242   35.173751459   11.944236881
    4.857578434   35.395112734   12.927164739
    4.875222626   35.642816281   14.702967510
    4.892866818   35.919816383   16.118262838
    4.910511010   36.215994045   16.920370433
    4.928155202   36.530929638   18.677839213
    4.945799394   36.896181533   22.756965150
    4.963443586   37.355613731   29.197511535
    4.981087778   37.934716225   35.811651575
    4.998731970   38.614925233   40.122347552
    5.016376162   39.336930486   40.464614490
    5.034020354   40.027024262   36.451723540
    5.051664545   40.608624627   28.209373575
    5.069308737   41.013905255   16.910277727
    5.086952929   41.230563919    8.482604050
    5.104597121   41.421441361   16.915820696
    5.122241313   42.053550466   61.856187105
    5.139885505   43.908471792  156.188438849
    5.157529697   47.823952792  291.732732092
    5.175173889   54.253682721  433.575643700
    5.192818081   62.886450084  533.676471677
    5.210462273   72.633708433  556.410447470
    5.228106465   82.045884374  497.866665367
    5.245750657   89.895000567  385.717335761
    5.263394848   95.589112451  260.056709276
    5.281039040   99.196507698  153.196308461
    5.298683232  101.199391033   79.010280911
    5.316327424  102.176004866   35.690477193
    5.333971616  102.594433634   14.113232581
    5.351615808  102.754163045    4.692906331
    5.369260000  102.807587048    1.157417704
