#! FIELDS d_NdeSNa_1 file.free der_d_NdeSNa_1
#! SET min_d_NdeSNa_1 0.0857653
#! SET max_d_NdeSNa_1 5.37141
#! SET nbins_d_NdeSNa_1  301
#! SET periodic_d_NdeSNa_1 false
    0.085765300   74.293830825   -0.522970405
    0.103384116   74.272105783   -2.062190518
    0.121002931   74.200366793   -6.657579045
    0.138621747   73.993188925  -18.457458974
    0.156240563   73.462343663  -44.956479249
    0.173859378   72.260923383  -96.419320801
    0.191478194   69.860629975 -182.105608029
    0.209097010   65.633778469 -302.461199500
    0.226715825   59.091075678 -440.373365928
    0.244334641   50.222262236 -559.300047743
    0.261953457   39.754950642 -614.975303911
    0.279572272   29.099523908 -578.390334621
    0.297191088   19.878512396 -456.912197332
    0.314809904   13.227508261 -296.636037336
    0.332428719    9.283250282 -159.411117729
    0.350047535    7.215283596  -87.364563490
    0.367666351    5.820085054  -78.991999322
    0.385285166    4.282757894  -95.339739473
    0.402903982    2.579323428  -92.030914061
    0.420522798    1.257832573  -52.479009776
    0.438141613    0.829785010    3.941969863
    0.455760429    1.288461398   42.894325104
    0.473379245    2.116527676   44.649395678
    0.490998060    2.693795752   17.183634662
    0.508616876    2.713026868  -13.890993006
    0.526235692    2.320429384  -27.690788224
    0.543854507    1.890667257  -18.046341448
    0.561473323    1.775335929    5.940945118
    0.579092139    2.106968513   30.534672497
    0.596710954    2.788316354   43.990097208
    0.614329770    3.561419210   39.852106279
    0.631948586    4.104425603   18.423397519
    0.649567401    4.160347115  -13.405963067
    0.667186217    3.647260074  -43.741571674
    0.684805033    2.706584648  -60.391958054
    0.702423848    1.641187095  -57.942546982
    0.720042664    0.759365538  -41.238622644
    0.737661480    0.217789256  -21.064857267
    0.755280295    0.000000000   -5.045159174
    0.772899111    0.036980336    9.212086465
    0.790517927    0.380107226   31.342444307
    0.808136742    1.243643393   68.722466444
    0.825755558    2.876209564  116.794431701
    0.843374374    5.336848739  159.623699155
    0.860993189    8.374595506  179.960999822
    0.878612005   11.509361926  170.677213105
    0.896230821   14.262432669  138.740123717
    0.913849636   16.368163982   99.873121360
    0.931468452   17.837601513   68.355112942
    0.949087268   18.867258264   50.144838661
    0.966706083   19.678191985   42.728966570
    0.984324899   20.406532191   39.736248338
    1.001943715   21.082685554   36.088702494
    1.019562530   21.675599220   30.202305993
    1.037181346   22.149870125   22.846224438
    1.054800162   22.494153822   16.091005129
    1.072418977   22.738847742   11.842401946
    1.090037793   22.944986279   11.977120338
    1.107656609   23.195533745   16.731197355
    1.125275424   23.556113958   24.096173304
    1.142894240   24.044759510   30.533964461
    1.160513056   24.619938643   33.600415700
    1.178131871   25.214556844   32.951831318
    1.195750687   25.772226784   29.694707115
    1.213369503   26.260286568   25.279719477
    1.230988318   26.666240551   20.422310989
    1.248607134   26.985724476   15.441362318
    1.266225950   27.219667180   10.925736819
    1.283844765   27.383322425    7.668414119
    1.301463581   27.507298450    6.344034509
    1.319082397   27.625085101    6.888294021
    1.336701212   27.758077847    7.747109615
    1.354320028   27.894471146    7.082782272
    1.371938844   27.997367733    3.866279359
    1.389557659   28.026487219   -0.994348842
    1.407176475   27.972312415   -5.178279959
    1.424795291   27.865620549   -6.662761745
    1.442414106   27.762182212   -4.909454118
    1.460032922   27.711247879   -1.142387089
    1.477651738   27.728251447    2.606083117
    1.495270553   27.794754920    4.176726662
    1.512889369   27.863712636    2.860364579
    1.530508185   27.888451145   -0.593006166
    1.548127000   27.845568980   -4.457275800
    1.565745816   27.745629398   -6.851662043
    1.583364632   27.624437019   -6.785184450
    1.600983447   27.523698142   -4.714580075
    1.618602263   27.467235617   -1.989828814
    1.636221079   27.455449959    0.141734105
    1.653839894   27.472361545    1.310665886
    1.671458710   27.503492708    1.900738616
    1.689077526   27.544024691    2.386385921
    1.706696341   27.592171134    2.709560943
    1.724315157   27.639745980    2.178788320
    1.741933973   27.666078701    0.261365320
    1.759552788   27.648153201   -2.672400657
    1.777171604   27.578129525   -5.395217668
    1.794790420   27.471613519   -6.804686547
    1.812409235   27.355681424   -6.344343224
    1.830028051   27.260879920   -4.625153953
    1.847646867   27.202389206   -2.249380704
    1.865265682   27.186656275    0.062107739
    1.882884498   27.206880612    1.805498131
    1.900503314   27.249046476    2.483767049
    1.918122129   27.291940931    1.869426552
    1.935740945   27.314110873    0.212936482
    1.953359761   27.302591414   -1.811036448
    1.970978576   27.258605127   -3.283353529
    1.988597392   27.198991213   -3.630512501
    2.006216208   27.143631117   -2.835132473
    2.023835023   27.106072076   -1.755989469
    2.041453839   27.083816171   -1.165897162
    2.059072655   27.066501448   -1.147057011
    2.076691470   27.049085791   -1.088687345
    2.094310286   27.037058377   -0.507081213
    2.111929102   27.037562961    0.235565294
    2.129547917   27.046281998    0.229814236
    2.147166733   27.043096635   -1.075620762
    2.164785549   27.007562276   -3.362002265
    2.182404364   26.930413725   -5.563898475
    2.200023180   26.823010931   -6.752900050
    2.217641996   26.708373764   -6.321357175
    2.235260811   26.613584765   -4.585674201
    2.252879627   26.554505603   -2.501671676
    2.270498443   26.526027534   -1.272820159
    2.288117258   26.504173163   -1.872662190
    2.305736074   26.455830647   -4.110541057
    2.323354890   26.362665800   -6.699304490
    2.340973705   26.233711102   -7.947393376
    2.358592521   26.101340330   -6.987234742
    2.376211337   26.002109487   -4.454986485
    2.393830152   25.951253601   -1.758466699
    2.411448968   25.937884079   -0.404665934
    2.429067784   25.930287708   -1.100573017
    2.446686599   25.894305027   -3.496925238
    2.464305415   25.810061749   -6.336369771
    2.481924231   25.684153310   -7.961857002
    2.499543046   25.549176713   -7.213143640
    2.517161862   25.447858747   -4.323106528
    2.534780678   25.406372292   -0.724712732
    2.552399493   25.421128488    1.737222808
    2.570018309   25.462048764    2.244161333
    2.587637125   25.496407453    1.172451876
    2.605255940   25.505270383   -0.530327460
    2.622874756   25.484922208   -2.035981426
    2.640493572   25.441156163   -3.132999991
    2.658112387   25.383017025   -3.706233207
    2.675731203   25.320250103   -3.617239363
    2.693350019   25.264393836   -2.920860946
    2.710968834   25.223473613   -2.125368004
    2.728587650   25.192924884   -1.889198447
    2.746206466   25.156631903   -2.718125163
    2.763825281   25.097587576   -4.366234958
    2.781444097   25.010612710   -5.644615749
    2.799062913   24.914311835   -5.280987720
    2.816681728   24.842791388   -2.804250087
    2.834300544   24.827901181    0.812005879
    2.851919360   24.874080416    3.841409619
    2.869538175   24.955298962    4.639331697
    2.887156991   25.027962086    2.880358579
    2.904775807   25.054136047   -0.330154225
    2.922394622   25.023225392   -3.328532127
    2.940013438   24.953168806   -4.592229831
    2.957632254   24.880042600   -3.673773339
    2.975251069   24.838209570   -1.242423409
    2.992869885   24.842663844    1.383117360
    3.010488701   24.887332639    3.172700406
    3.028107516   24.954118516    3.982546699
    3.045726332   25.030262935    4.263368647
    3.063345148   25.110436075    4.496017512
    3.080963963   25.192491370    4.432930907
    3.098582779   25.266197985    3.400425256
    3.116201595   25.311398843    1.238953493
    3.133820410   25.313043643   -1.356534452
    3.151439226   25.273795498   -3.151709482
    3.169058042   25.218935995   -3.091376824
    3.186676857   25.182195556   -1.145333265
    3.204295673   25.188316112    1.515259401
    3.221914489   25.235479807    3.183796071
    3.239533304   25.295097036    2.870807944
    3.257152120   25.332683655    0.934618915
    3.274770936   25.332306132   -1.228249781
    3.292389751   25.302800190   -2.226600517
    3.310008567   25.268365693   -1.749831661
    3.327627383   25.250228995   -0.568647332
    3.345246198   25.254758528    0.749499346
    3.362865014   25.281255364    1.846686205
    3.380483830   25.322936302    2.431092600
    3.398102645   25.365293904    1.806966224
    3.415721461   25.384067641   -0.167056700
    3.433340277   25.362692793   -2.494698728
    3.450959092   25.312212950   -3.106410161
    3.468577908   25.277474391   -0.602930942
    3.486196724   25.311275123    4.347608568
    3.503815539   25.436221344    9.172299247
    3.521434355   25.625348503   11.384172624
    3.539053171   25.822245248   10.202444495
    3.556671986   25.978322627    7.028298756
    3.574290802   26.078551152    4.288449481
    3.591909618   26.145218213    3.235536415
    3.609528433   26.207001340    3.521696155
    3.627147249   26.274673658    3.717088039
    3.644766065   26.336870791    2.831527868
    3.662384880   26.375220609    1.074646992
    3.680003696   26.382163426   -0.496518731
    3.697622512   26.370980125   -0.875456990
    3.715241327   26.368048618    0.544513193
    3.732860143   26.404615906    3.471798427
    3.750478959   26.499239788    6.873432177
    3.768097774   26.646311891    9.147851680
    3.785716590   26.811582910    8.847154078
    3.803335406   26.947203212    5.812085256
    3.820954221   27.016029795    1.670068114
    3.838573037   27.019514632   -1.142365957
    3.856191853   26.999020406   -0.933177424
    3.873810668   27.010052687    2.158618352
    3.891429484   27.087816600    6.316122112
    3.909048300   27.230553360    9.279563106
    3.926667115   27.407300811   10.074685452
    3.944285931   27.582569023    9.295995868
    3.961904747   27.736370726    7.809531616
    3.979523562   27.859713864    5.774218894
    3.997142378   27.942394121    3.195663607
    4.014761194   27.979344034    0.902443791
    4.032380009   27.991375857    0.616374820
    4.049998825   28.027034974    3.683986178
    4.067617641   28.141149910    9.144221178
    4.085236456   28.351483463   14.044215647
    4.102855272   28.622360975   15.698877175
    4.120474088   28.887980589   13.613254193
    4.138092903   29.097241752    9.826580393
    4.155711719   29.245582046    7.010739609
    4.173330535   29.365651382    6.782882418
    4.190949350   29.503831503    8.864721162
    4.208568166   29.690401085   12.155477787
    4.226186982   29.935811280   15.284876455
    4.243805797   30.228222361   17.306402472
    4.261424613   30.541609765   17.636058635
    4.279043429   30.844128344   16.112948335
    4.296662244   31.109638969   13.693143269
    4.314281060   31.334578861   11.741958910
    4.331899876   31.537932587   11.324595258
    4.349518691   31.745180464   11.956774970
    4.367137507   31.962061636   12.120239208
    4.384756323   32.166630787   10.410848337
    4.402375138   32.323943343    6.949457479
    4.419993954   32.417720888    3.635551049
    4.437612770   32.474133998    3.135855830
    4.455231585   32.560596990    7.150752318
    4.472850401   32.752954881   14.761112511
    4.490469217   33.087025314   22.559115362
    4.508088032   33.530135558   26.535645648
    4.525706848   33.993523949   24.850839962
    4.543325664   34.387699792   19.214524575
    4.560944479   34.675205720   13.449629735
    4.578563295   34.883880646   10.482198542
    4.596182111   35.069134361   10.696359669
    4.613800926   35.274027547   12.318317681
    4.631419742   35.505785179   13.565419075
    4.649038558   35.750801179   13.753241803
    4.666657373   35.992658708   13.365511663
    4.684276189   36.226450967   12.880188316
    4.701895005   36.454768965   12.861146647
    4.719513820   36.687621596   13.405280287
    4.737132636   36.937204586   14.838820336
    4.754751452   37.220040671   17.163046596
    4.772370267   37.550063960   20.051314990
    4.789989083   37.930386664   22.623705124
    4.807607899   38.343203310   23.556744241
    4.825226714   38.750244215   22.021761416
    4.842845530   39.112923489   18.709631172
    4.860464346   39.419414798   16.123928478
    4.878083161   39.702511766   16.314311381
    4.895701977   40.015578135   19.250361490
    4.913320793   40.388391088   22.678086286
    4.930939608   40.808654723   24.329474681
    4.948558424   41.238686538   23.926546488
    4.966177240   41.654000455   23.050196068
    4.983796055   42.063052504   23.387615993
    5.001414871   42.491462576   25.037491142
    5.019033687   42.951984848   26.811436946
    5.036652502   43.436257675   27.701931888
    5.054271318   43.933058384   28.672013125
    5.071890134   44.472009257   33.254148090
    5.089508949   45.164473486   46.915935504
    5.107127765   46.215540966   74.727593800
    5.124746581   47.888976136  117.080297367
    5.142365396   50.394682580  167.433669139
    5.159984212   53.764141308  212.627199440
    5.177603028   57.774277130  237.912811917
    5.195221843   61.981877023  234.365556227
    5.212840659   65.874647422  203.347514030
    5.230459475   69.052430897  155.467073777
    5.248078290   71.342125373  104.770615004
    5.265697106   72.798341707   62.264477876
    5.283315922   73.617359533   32.531706510
    5.300934737   74.022157396   15.030689599
    5.318553553   74.200899691    5.995567973
    5.336172369   74.269825295    2.030383204
    5.353791184   74.292009063    0.615585986
    5.371410000   74.299743030    0.057483958
