#! FIELDS d_NdeNde_1 file.free der_d_NdeNde_1
#! SET min_d_NdeNde_1 0.0821173
#! SET max_d_NdeNde_1 4.52386
#! SET nbins_d_NdeNde_1  253
#! SET periodic_d_NdeNde_1 false
    0.082117300   78.010344074   -1.044457460
    0.099743263   77.969475577   -3.894166754
    0.117369226   77.840215667  -11.964213359
    0.134995189   77.475241404  -32.143558480
    0.152621152   76.567130757  -75.805950835
    0.170247115   74.579828622 -156.819279948
    0.187873079   70.761264951 -284.051889342
    0.205499042   64.335637453 -449.172584531
    0.223125005   54.902047332 -617.304954617
    0.240750968   42.883839236 -732.394425985
    0.258376931   29.707331691 -742.175813824
    0.276002894   17.442095571 -630.614839474
    0.293628857    7.987053467 -433.009607800
    0.311254820    2.273729100 -218.426338298
    0.328880783    0.000000000  -50.978632232
    0.346506746    0.022876025   41.084254304
    0.364132710    1.061113541   68.381391860
    0.381758673    2.226609582   60.768421116
    0.399384636    3.156542497   45.151217979
    0.417010599    3.851742129   35.278941412
    0.434636562    4.444350909   33.161069019
    0.452262525    5.039987661   34.792391208
    0.469888488    5.661764981   34.800920913
    0.487514451    6.249213888   29.514105643
    0.505140414    6.690293537   18.875443581
    0.522766377    6.898846744    3.890693044
    0.540392340    6.823444823  -12.945287975
    0.558018304    6.452079365  -29.554637561
    0.575644267    5.799714204  -44.674847862
    0.593270230    4.905325186  -56.450498000
    0.610896193    3.859681766  -61.094512763
    0.628522156    2.828901588  -54.182486182
    0.646148119    2.031814271  -35.044450432
    0.663774082    1.639798978   -9.759785309
    0.681400045    1.668910007   10.928622484
    0.699026008    1.953253499   18.227057268
    0.716651971    2.236003162   11.545072101
    0.734277935    2.327796390   -1.786535939
    0.751903898    2.201138143  -11.806620556
    0.769529861    1.976389162  -12.453711649
    0.787155824    1.825839539   -3.746132709
    0.804781787    1.881661563    9.960055480
    0.822407750    2.184866893   23.538941304
    0.840033713    2.693430413   32.746926453
    0.857659676    3.308510298   35.220971755
    0.875285639    3.905723079   30.894061231
    0.892911602    4.378427910   21.727454248
    0.910537565    4.672673073   11.339579603
    0.928163529    4.800232008    3.271019979
    0.945789492    4.823021770   -0.446067818
    0.963415455    4.819326322    0.033150273
    0.981041418    4.852752781    3.724925281
    0.998667381    4.976764852   10.340220922
    1.016293344    5.252624438   21.266054322
    1.033919307    5.769841671   37.791679889
    1.051545270    6.622261976   58.963280987
    1.069171233    7.860612183   80.594555160
    1.086797196    9.442699750   97.052013520
    1.104423160   11.232632322  103.751139772
    1.122049123   13.045584504   99.714709528
    1.139675086   14.710583912   87.699639859
    1.157301049   16.124377517   71.904280705
    1.174927012   17.253078317   55.823541454
    1.192552975   18.110513055   41.354598695
    1.210178938   18.737479157   29.951062936
    1.227804901   19.201754835   23.143227482
    1.245430864   19.595790019   21.899031708
    1.263056827   20.011629160   25.296043565
    1.280682790   20.502479334   29.839328500
    1.298308754   21.057224605   31.867455962
    1.315934717   21.615163194   30.488002685
    1.333560680   22.127232884   27.111986922
    1.351186643   22.585072743   24.850763318
    1.368812606   23.029857325   25.738005904
    1.386438569   23.519959569   29.852044343
    1.404064532   24.097027098   35.253551272
    1.421690495   24.760919042   39.277666598
    1.439316458   25.467904174   39.868653525
    1.456942421   26.148440233   36.155011260
    1.474568385   26.730200514   28.980475032
    1.492194348   27.167164701   20.212706986
    1.509820311   27.453634485   12.105416432
    1.527446274   27.617475099    6.600990447
    1.545072237   27.709582304    3.884625642
    1.562698200   27.772008522    3.055472182
    1.580324163   27.826719775    2.819066504
    1.597950126   27.877455410    2.532967193
    1.615576089   27.923788922    2.489122461
    1.633202052   27.975137725    3.173139260
    1.650828015   28.046635366    4.638422285
    1.668453979   28.145210364    6.163025855
    1.686079942   28.261086265    6.293615978
    1.703705905   28.360572903    4.349554789
    1.721331868   28.410189170    0.844958907
    1.738957831   28.398316742   -2.365528335
    1.756583794   28.346891208   -3.313630848
    1.774209757   28.303666053   -1.472227391
    1.791835720   28.310861484    2.094376200
    1.809461683   28.382154954    5.481857815
    1.827087646   28.499589645    7.177972749
    1.844713610   28.628441005    6.818515009
    1.862339573   28.736490025    4.902348800
    1.879965536   28.802839226    2.194902418
    1.897591499   28.817880776   -0.798407483
    1.915217462   28.781182986   -3.515461968
    1.932843425   28.705695941   -5.134330638
    1.950469388   28.617756585   -4.776649505
    1.968095351   28.553688149   -2.595319173
    1.985721314   28.536518121    0.259310741
    2.003347277   28.563506982    2.136771090
    2.020973240   28.606607903    2.084401652
    2.038599204   28.632683451    0.466878036
    2.056225167   28.627058118   -1.372272965
    2.073851130   28.597437666   -2.050068240
    2.091477093   28.569849709   -1.226360932
    2.109103056   28.565782893    0.583127381
    2.126729019   28.594374700    2.229848353
    2.144354982   28.643769151    2.814454923
    2.161980945   28.690409805    1.869055721
    2.179606908   28.707834456   -0.311103650
    2.197232871   28.683297255   -2.746171374
    2.214858835   28.624178479   -4.024508048
    2.232484798   28.558204708   -3.476438649
    2.250110761   28.514605355   -1.702132728
    2.267736724   28.503808874    0.024655976
    2.285362687   28.514965762    0.758439356
    2.302988650   28.530510745    0.564249064
    2.320614613   28.540537341    0.279318363
    2.338240576   28.549391760    0.520893817
    2.355866539   28.566640020    1.107742384
    2.373492502   28.591599852    1.281613206
    2.391118465   28.610601769    0.308769248
    2.408744429   28.602805408   -1.564425923
    2.426370392   28.561810035   -3.238671188
    2.443996355   28.504610910   -3.301104818
    2.461622318   28.463738292   -1.361606936
    2.479248281   28.466296241    1.349929692
    2.496874244   28.511028118    3.157012293
    2.514500207   28.573490927    3.348015990
    2.532126170   28.629372667    2.640162720
    2.549752133   28.674261103    2.209926072
    2.567378096   28.718147211    2.559559221
    2.585004060   28.771057260    3.046628851
    2.602630023   28.827837811    2.940706923
    2.620255986   28.875985478    2.111377817
    2.637881949   28.907332193    1.188899592
    2.655507912   28.926689576    0.739064062
    2.673133875   28.942420535    0.724204327
    2.690759838   28.956724068    0.501151072
    2.708385801   28.960330148   -0.569361095
    2.726011764   28.937955312   -2.357878096
    2.743637727   28.883105753   -4.086522217
    2.761263690   28.805098913   -4.878341743
    2.778889654   28.724662321   -4.406161337
    2.796515617   28.660773506   -3.033242257
    2.814141580   28.623090360   -1.621522991
    2.831767543   28.606933900   -0.627956359
    2.849393506   28.604200016   -0.011059766
    2.867019469   28.610935020    0.432805471
    2.884645432   28.623795778    0.610775965
    2.902271395   28.634017249    0.075273242
    2.919897358   28.626900125   -1.285924863
    2.937523321   28.592973766   -2.908423370
    2.955149285   28.535477953   -3.753924124
    2.972775248   28.472556239   -3.543653759
    2.990401211   28.420477862   -2.665444585
    3.008027174   28.385214206   -1.660421626
    3.025653137   28.367819422   -0.621788912
    3.043279100   28.370509612    0.696560841
    3.060905063   28.398720354    2.205237188
    3.078531026   28.451105210    3.204445369
    3.096156989   28.511470772    3.108232910
    3.113782952   28.559786834    1.943362124
    3.131408915   28.584324058    0.594766769
    3.149034879   28.590835541   -0.006970122
    3.166660842   28.597207957    0.557002138
    3.184286805   28.621163022    1.906526908
    3.201912768   28.669336933    3.087986551
    3.219538731   28.730434737    3.301625492
    3.237164694   28.783232956    2.183968801
    3.254790657   28.808338660    0.247544659
    3.272416620   28.800627798   -1.286262375
    3.290042583   28.776765243   -1.461961404
    3.307668546   28.762953590   -0.223001141
    3.325294510   28.778292184    1.639716719
    3.342920473   28.824215364    3.086878605
    3.360546436   28.886466277    3.458483943
    3.378172399   28.945992182    2.864485446
    3.395798362   28.989524438    1.703849196
    3.413424325   29.011310151    0.431849623
    3.431050288   29.011903381   -0.580166735
    3.448676251   28.998989389   -1.121082759
    3.466302214   28.982870411   -0.861560040
    3.483928177   28.978834966    0.226882081
    3.501554140   28.999706244    1.823995780
    3.519180104   29.049404248    3.420849624
    3.536806067   29.123204056    4.523001150
    3.554432030   29.210889447    5.011820245
    3.572057993   29.303755932    5.133585916
    3.589683956   29.396597024    5.040505703
    3.607309919   29.484733937    4.526447385
    3.624935882   29.560246959    3.672336343
    3.642561845   29.620560421    2.950101711
    3.660187808   29.676558752    3.314838485
    3.677813771   29.753681740    5.360390918
    3.695439735   29.878865749    8.616527677
    3.713065698   30.060969852   11.507454711
    3.730691661   30.280367046   12.669889453
    3.748317624   30.501145806   11.838775854
    3.765943587   30.696050992    9.866919876
    3.783569550   30.856880944    8.191132275
    3.801195513   30.997984714    7.700179542
    3.818821476   31.141891641    8.487223547
    3.836447439   31.307325958    9.987948046
    3.854073402   31.498491307   11.226420377
    3.871699365   31.700875872   11.069664736
    3.889325329   31.882589232    8.918249538
    3.906951292   32.013427673    5.503100671
    3.924577255   32.088269440    2.979373698
    3.942203218   32.141980582    3.464367493
    3.959829181   32.237291664    7.537510980
    3.977455144   32.429697102   14.177559735
    3.995081107   32.747511390   21.594713316
    4.012707070   33.194921287   28.756199496
    4.030333033   33.765535584   35.628091971
    4.047958996   34.455225089   42.218206795
    4.065584960   35.258239109   48.472150829
    4.083210923   36.169446001   54.500841965
    4.100836886   37.188437403   60.961077050
    4.118462849   38.330230689   68.457681611
    4.136088812   39.618744344   77.759532260
    4.153714775   41.094099075   89.760696774
    4.171340738   42.816281112  106.059070784
    4.188966701   44.871211822  127.571567746
    4.206592664   47.342758771  152.866312458
    4.224218627   50.263742077  177.584148721
    4.241844590   53.575585541  196.441412459
    4.259470554   57.137695105  205.482719575
    4.277096517   60.762295005  203.728980292
    4.294722480   64.266196606  191.968723883
    4.312348443   67.489336219  172.218046634
    4.329974406   70.310367420  146.817112451
    4.347600369   72.653230896  118.365339027
    4.365226332   74.489050044   89.811556952
    4.382852295   75.839064009   63.746506197
    4.400478258   76.765910810   41.934343505
    4.418104221   77.354060708   25.392623981
    4.435730185   77.696275050   14.059705148
    4.453356148   77.878367991    7.009592066
    4.470982111   77.965434936    3.136918608
    4.488608074   78.002761158    1.251082593
    4.506234037   78.017299007    0.420139895
    4.523860000   78.022025561    0.122699200
