#! FIELDS d_NdNd_2 file.free der_d_NdNd_2
#! SET min_d_NdNd_2 0.13467
#! SET max_d_NdNd_2 5.37069
#! SET nbins_d_NdNd_2  298
#! SET periodic_d_NdNd_2 false
    0.134670000  105.659365255   -1.052861998
    0.152299697  105.616015133   -4.090123630
    0.169929394  105.476843251  -12.868322770
    0.187559091  105.080232164  -35.108247642
    0.205188788  104.078349403  -84.275980353
    0.222818485  101.841915680 -178.227635645
    0.240448182   97.437696542 -331.688362260
    0.258077879   89.803434861 -541.848202932
    0.275707576   78.192398061 -773.975578676
    0.293337273   62.774691288 -960.639632642
    0.310966970   45.039365088 -1025.521424132
    0.328596667   27.600035880 -924.561789931
    0.346226364   13.302202685 -678.432354808
    0.363856061    4.052219503 -368.825295250
    0.381485758    0.066302070  -96.777003122
    0.399115455    0.000000000   69.114150916
    0.416745152    1.810176112  119.384689475
    0.434374848    3.749374792   92.416189159
    0.452004545    4.922955554   40.643525343
    0.469634242    5.256350196    1.183526542
    0.487263939    5.108625932  -13.814580283
    0.504893636    4.878667971   -9.833190455
    0.522523333    4.810510911    2.334094816
    0.540153030    4.977807497   14.999090624
    0.557782727    5.351038277   25.759219646
    0.575412424    5.890184907   34.234210665
    0.593042121    6.565061318   41.637187837
    0.610671818    7.366433013   48.596480875
    0.628301515    8.274952409   53.094096916
    0.645931212    9.200837516   49.235973240
    0.663560909    9.929824679   29.700388130
    0.681190606   10.151668552   -7.965649492
    0.698820303    9.606433183  -54.583925260
    0.716450000    8.304747762  -89.905110619
    0.734079697    6.645132287  -92.197967696
    0.751709394    5.314433992  -53.061724586
    0.769339091    4.956072043   14.234671204
    0.786968788    5.824452911   80.853415567
    0.804598485    7.648632590  119.274603102
    0.822228182    9.812938742  119.550874319
    0.839857879   11.712896418   92.473787425
    0.857487576   13.050867753   59.415010770
    0.875117273   13.889969174   37.911567996
    0.892746970   14.497243372   32.829995953
    0.910376667   15.115277430   37.401990760
    0.928006364   15.817328768   40.700075125
    0.945636061   16.510807208   35.726696025
    0.963265758   17.044305107   23.151452189
    0.980895455   17.334509358    9.376653976
    0.998525152   17.421127851    0.877360734
    1.016154848   17.419043372   -0.783963852
    1.033784545   17.415962334   -0.439254755
    1.051414242   17.380917408   -5.710338648
    1.069043939   17.162807345  -21.514339909
    1.086673636   16.591888896  -44.085693622
    1.104303333   15.661658245  -59.260945826
    1.121933030   14.674326537  -47.454227985
    1.139562727   14.228075989    2.471056429
    1.157192424   14.952830914   82.350942798
    1.174822121   17.148590550  163.393761798
    1.192451818   20.530630918  212.044496194
    1.210081515   24.331483517  209.867768835
    1.227711212   27.681806012  164.285911137
    1.245340909   30.029180295  100.857587052
    1.262970606   31.305960772   46.510329052
    1.280600303   31.817417657   14.965610831
    1.298230000   31.971188334    4.763090645
    1.315859697   32.061521647    5.960697803
    1.333489394   32.198981944    8.720448092
    1.351119091   32.362613224    8.489134154
    1.368748788   32.497257311    5.595473085
    1.386378485   32.576380601    2.892023185
    1.404008182   32.622126340    2.262690292
    1.421637879   32.674139369    3.511410211
    1.439267576   32.753862136    4.939902154
    1.456897273   32.849232829    5.011991827
    1.474526970   32.929450601    3.354950661
    1.492156667   32.971670488    1.015693933
    1.509786364   32.978874470   -0.590735067
    1.527416061   32.969290666   -0.737611183
    1.545045758   32.963340755   -0.413719669
    1.562675455   32.959621547   -0.725777625
    1.580305152   32.941750548   -1.830372256
    1.597934848   32.901858531   -3.067909385
    1.615564545   32.847490780   -3.401136903
    1.633194242   32.797903812   -2.580562364
    1.650823939   32.769107119   -1.113470997
    1.668453636   32.764652681    0.077271593
    1.686083333   32.772986479    0.144931793
    1.703713030   32.770253463   -1.122060965
    1.721342727   32.735959911   -3.318141755
    1.738972424   32.664267941   -5.176269850
    1.756602121   32.573070014   -5.269132326
    1.774231818   32.498485859   -3.336415082
    1.791861515   32.469915543   -0.373718091
    1.809491212   32.490794764    2.057595939
    1.827120909   32.541562974    2.889587701
    1.844750606   32.591598403    2.054021889
    1.862380303   32.615287185    0.057177544
    1.880010000   32.596030984   -2.802101346
    1.897639697   32.523706687   -5.902743877
    1.915269394   32.399980544   -8.402446183
    1.932899091   32.244432084   -9.377066718
    1.950528788   32.089343375   -8.380401777
    1.968158485   31.965034684   -6.096440179
    1.985788182   31.883006748   -3.752430517
    2.003417879   31.836400600   -2.285481795
    2.021047576   31.806878201   -1.600297011
    2.038677273   31.785950429   -1.311611810
    2.056306970   31.768436422   -1.178031443
    2.073936667   31.749411216   -1.597368320
    2.091566364   31.714756776   -2.988722805
    2.109196061   31.648641333   -4.946728573
    2.126825758   31.551795800   -6.320524893
    2.144455455   31.444449677   -6.051301367
    2.162085152   31.355731285   -4.398545868
    2.179714848   31.299019061   -2.614409244
    2.197344545   31.263858252   -2.096235062
    2.214974242   31.225419013   -2.940012489
    2.232603939   31.166971830   -4.097481459
    2.250233636   31.094532804   -4.401764764
    2.267863333   31.027814505   -3.453133890
    2.285493030   30.985391993   -1.863497749
    2.303122727   30.969387240   -0.488207070
    2.320752424   30.970018261   -0.041381588
    2.338382121   30.971570917   -0.443299705
    2.356011818   30.961955884   -1.120849809
    2.373641515   30.941022670   -1.695571474
    2.391271212   30.911956272   -2.078678968
    2.408900909   30.877281085   -2.289702626
    2.426530606   30.839506913   -2.521510337
    2.444160303   30.798477423   -2.545840061
    2.461790000   30.758375903   -2.520945789
    2.479419697   30.717525035   -2.657921838
    2.497049394   30.669333328   -3.441434862
    2.514679091   30.600885895   -4.932322860
    2.532308788   30.502332264   -6.650104934
    2.549938485   30.378424707   -7.682743420
    2.567568182   30.249688662   -7.084185104
    2.585197879   30.148453937   -4.584315549
    2.602827576   30.104279103   -0.798630370
    2.620457273   30.127652782    2.820109416
    2.638086970   30.200276778    4.426633347
    2.655716667   30.274825194    3.001532140
    2.673346364   30.300064143   -0.869320516
    2.690976061   30.251728019   -4.897223205
    2.708605758   30.150511479   -6.515036555
    2.726235455   30.050129054   -4.920868400
    2.743865152   29.995777182   -1.621336346
    2.761494848   29.993629673    0.449916790
    2.779124545   30.003065484   -0.362542320
    2.796754242   29.974899120   -3.573243719
    2.814383939   29.885944656   -6.730977232
    2.832013636   29.759591246   -7.650439052
    2.849643333   29.642529374   -5.732231488
    2.867273030   29.573623238   -2.491263242
    2.884902727   29.558066706    0.016569850
    2.902532424   29.572330269    0.809535764
    2.920162121   29.588475592    0.418379466
    2.937791818   29.595199376   -0.138611355
    2.955421515   29.594809230   -0.394045491
    2.973051212   29.589862493   -0.636095884
    2.990680909   29.579338261   -1.030738708
    3.008310606   29.563762350   -1.180450576
    3.025940303   29.551856405   -0.500173725
    3.043570000   29.558829437    0.831250221
    3.061199697   29.589212253    2.006162998
    3.078829394   29.632297310    2.128546343
    3.096459091   29.666906001    1.168928693
    3.114088788   29.680622968    0.018228096
    3.131718485   29.681661339   -0.189383775
    3.149348182   29.692774069    1.118809716
    3.166977879   29.733571975    3.000167449
    3.184607576   29.799656995    3.712023892
    3.202237273   29.859033584    2.171979708
    3.219866970   29.875556688   -0.938207477
    3.237496667   29.838798671   -3.405684913
    3.255126364   29.779704833   -3.225021836
    3.272756061   29.750659291   -0.237432234
    3.290385758   29.785589520    3.606534460
    3.308015455   29.874613503    5.508321695
    3.325645152   29.968618753    4.111161567
    3.343274848   30.016172327    0.633771284
    3.360904545   30.003414105   -2.245552249
    3.378534242   29.960410908   -2.690967462
    3.396163939   29.931397099   -0.848243900
    3.413793636   29.942211798    1.564451030
    3.431423333   29.989505648    3.129455828
    3.449053030   30.056923367    3.921315953
    3.466682727   30.136663674    4.667786257
    3.484312424   30.230842266    5.456407244
    3.501942121   30.333790573    5.464312912
    3.519571818   30.421773724    3.731419604
    3.537201515   30.464443603    0.477588748
    3.554831212   30.447502543   -2.668899351
    3.572460909   30.390386866   -3.910665099
    3.590090606   30.334389329   -2.556584574
    3.607720303   30.319221201    0.484281259
    3.625350000   30.359891718    3.545574212
    3.642979697   30.445255799    5.395232544
    3.660609394   30.551167132    5.914321494
    3.678239091   30.656717763    5.396733667
    3.695868788   30.746563330    4.205858400
    3.713498485   30.810782527    2.503340592
    3.731128182   30.843045265    0.704350065
    3.748757879   30.847287751   -0.560111598
    3.766387576   30.838527713   -0.725689021
    3.784017273   30.836033120    0.021418246
    3.801646970   30.849623854    0.976623438
    3.819276667   30.876726855    1.454201962
    3.836906364   30.906824073    1.426412321
    3.854536061   30.934853708    1.271276089
    3.872165758   30.961550416    1.292879688
    3.889795455   30.990836110    1.525316029
    3.907425152   31.025197041    1.995268908
    3.925054848   31.071017087    2.709842657
    3.942684545   31.131213436    3.615078743
    3.960314242   31.203570354    3.923485154
    3.977943939   31.271168439    3.049914008
    3.995573636   31.315714757    1.456147112
    4.013203333   31.337745518    0.855529424
    4.030833030   31.369047764    2.666316943
    4.048462727   31.452785034    6.541455452
    4.066092424   31.608507412   10.379848668
    4.083722121   31.811614984   11.580255606
    4.101351818   32.006620795    9.601810037
    4.118981515   32.149694619    6.166811767
    4.136611212   32.241137168    4.135857404
    4.154240909   32.321773485    4.899972019
    4.171870606   32.434451257    7.507420229
    4.189500303   32.590849154    9.516532816
    4.207130000   32.766026624    9.480442174
    4.224759697   32.924105014    7.841235348
    4.242389394   33.050790849    6.091499948
    4.260019091   33.154111627    5.300542638
    4.277648788   33.251694353    5.411327918
    4.295278485   33.356035448    5.966205135
    4.312908182   33.470758284    6.538702684
    4.330537879   33.593996729    6.941055710
    4.348167576   33.723177532    7.138292025
    4.365797273   33.853459463    7.099291129
    4.383426970   33.980909977    6.834072946
    4.401056667   34.100497618    6.233076460
    4.418686364   34.206736740    5.327645356
    4.436316061   34.297675360    4.665056631
    4.453945758   34.387841647    5.262648158
    4.471575455   34.503420398    7.742334338
    4.489205152   34.672862722   10.937919152
    4.506834848   34.889639638   12.763653611
    4.524464545   35.110931720   11.152440250
    4.542094242   35.274788740    6.626267341
    4.559723939   35.352234884    2.004303147
    4.577353636   35.372898954    0.578294617
    4.594983333   35.407478557    3.286366607
    4.612613030   35.509807338    7.954159058
    4.630242727   35.682806065   10.634877887
    4.647872424   35.870532024    9.591154726
    4.665502121   36.014451004    6.139219833
    4.683131818   36.100961860    3.616817746
    4.700761515   36.172249699    4.759100703
    4.718391212   36.298768792    9.560099840
    4.736020909   36.522862184   15.232270399
    4.753650606   36.827804110   18.286580668
    4.771280303   37.147009519   16.738748112
    4.788910000   37.407062220   12.003431541
    4.806539697   37.581964283    7.701564363
    4.824169394   37.706856658    6.783880101
    4.841799091   37.849716367    9.426997761
    4.859428788   38.055619798   13.485470881
    4.877058485   38.325851524   16.408194576
    4.894688182   38.632123930   17.530224118
    4.912317879   38.946822018   17.625783479
    4.929947576   39.257922537   17.191032168
    4.947577273   39.558828541   16.369824379
    4.965206970   39.844688517   15.959374225
    4.982836667   40.143469116   18.325173429
    5.000466364   40.534049012   26.499746623
    5.018096061   41.115381757   39.301524464
    5.035725758   41.917159854   49.860691324
    5.053355455   42.812809568   48.349082742
    5.070985152   43.532171063   30.123998332
    5.088614848   43.833795284    3.900589250
    5.106244545   43.772559266   -6.249715819
    5.123874242   43.900372305   30.136553087
    5.141503939   45.227742447  130.517832875
    5.159133636   48.827144480  283.161729741
    5.176763333   55.273363366  444.259799503
    5.194393030   64.216513083  557.540470835
    5.212022727   74.422030684  583.799020114
    5.229652424   84.279299303  520.813917353
    5.247282121   92.458348922  400.710814463
    5.264911818   98.343804184  267.702988840
    5.282541515  102.035812930  155.996078487
    5.300171212  104.062259982   79.522503242
    5.317800909  105.038297746   35.488933035
    5.335430606  105.452473984   13.755276720
    5.353060303  105.605602341    4.638830069
    5.370690000  105.658442390    1.079595462
