#! FIELDS d_NdeC5_1 file.free der_d_NdeC5_1
#! SET min_d_NdeC5_1 0.090276
#! SET max_d_NdeC5_1 5.366
#! SET nbins_d_NdeC5_1  300
#! SET periodic_d_NdeC5_1 false
    0.090276000  102.535311690   -0.468925812
    0.107920562  102.514220370   -1.959304335
    0.125565124  102.443362448   -6.528327323
    0.143209686  102.236136061  -18.523935611
    0.160854247  101.694012378  -46.346616330
    0.178498809  100.429006741 -102.945060519
    0.196143371   97.801035726 -203.069466442
    0.213787933   92.950729187 -355.078001985
    0.231432495   85.015909589 -548.812611254
    0.249077057   73.551833073 -746.492065257
    0.266721619   59.002374919 -887.566991253
    0.284366181   42.916268753 -912.642048382
    0.302010742   27.633006003 -796.813139252
    0.319655304   15.453287556 -570.479221640
    0.337299866    7.707305669 -308.762412763
    0.354944428    4.274329592  -93.320570399
    0.372588990    3.850145504   28.655756099
    0.390233552    4.744876844   60.538163176
    0.407878114    5.678231072   40.723285025
    0.425522676    6.127936771   11.649246930
    0.443167237    6.174292908   -3.151319780
    0.460811799    6.104879184   -2.733651194
    0.478456361    6.100156016    1.962204862
    0.496100923    6.141855135    0.660064167
    0.513745485    6.084848495   -9.408869125
    0.531390047    5.794866480  -24.983975698
    0.549034609    5.223536498  -40.050770889
    0.566679171    4.427652751  -49.387003085
    0.584323732    3.539841147  -50.147624828
    0.601968294    2.715076231  -42.767403864
    0.619612856    2.066849693  -31.145871626
    0.637257418    1.616603967  -21.418289453
    0.654901980    1.284433312  -18.148484037
    0.672546542    0.952925730  -20.608286667
    0.690191104    0.568973715  -22.835907481
    0.707835666    0.200897584  -17.890031152
    0.725480227    0.000000000   -4.384158269
    0.743124789    0.077039711   12.333757646
    0.760769351    0.419859137   24.699697020
    0.778413913    0.913701098   29.457562297
    0.796058475    1.443387069   29.636914617
    0.813703037    1.977450637   30.750475844
    0.831347599    2.564154612   35.655165669
    0.848992161    3.262266387   42.940973719
    0.866636722    4.084737758   49.135913520
    0.884281284    4.985945190   51.734682592
    0.901925846    5.895586634   50.149889706
    0.919570408    6.747567105   45.206777530
    0.937214970    7.494039617   38.281210145
    0.954859532    8.102456663   29.717761603
    0.972504094    8.539409623   18.684139964
    0.990148656    8.753995548    4.453751132
    1.007793217    8.696174111  -11.873248273
    1.025437779    8.362687197  -25.712479160
    1.043082341    7.856408249  -30.193942040
    1.060726903    7.397909266  -19.703668426
    1.078371465    7.267380759    6.527979180
    1.096016027    7.700842508   42.845082679
    1.113660589    8.796387241   79.943909615
    1.131305151   10.485805098  109.034875354
    1.148949712   12.575423943  124.733324652
    1.166594274   14.815700292  126.294799536
    1.184238836   16.974814091  116.152636381
    1.201883398   18.885222397   99.030917542
    1.219527960   20.470983770   80.263512313
    1.237172522   21.745359965   64.378688963
    1.254817084   22.781869302   53.268498001
    1.272461645   23.662628137   46.247401517
    1.290106207   24.438195969   41.140893170
    1.307750769   25.124153937   35.778345125
    1.325395331   25.706872166   29.392014103
    1.343039893   26.171181770   22.709648598
    1.360684455   26.525674717   17.164128425
    1.378329017   26.806639397   14.644934820
    1.395973579   27.075533234   15.911335739
    1.413618140   27.391796490   19.712566648
    1.431262702   27.778421073   23.323811200
    1.448907264   28.207891061   24.133812960
    1.466551826   28.618833903   21.363682189
    1.484196388   28.955632876   16.176212109
    1.501840950   29.196427403   10.675339465
    1.519485512   29.351198361    6.608203826
    1.537130074   29.448461882    4.221925603
    1.554774635   29.514197658    2.903145594
    1.572419197   29.563137891    2.239262286
    1.590063759   29.605253761    2.130645372
    1.607708321   29.648580708    2.276534944
    1.625352883   29.693068789    2.197785698
    1.642997445   29.729170883    1.194144834
    1.660642007   29.738956758   -0.689178154
    1.678286569   29.711633912   -2.837036452
    1.695931130   29.651792948   -4.275634729
    1.713575692   29.578570468   -4.225160404
    1.731220254   29.517584536   -3.062885304
    1.748864816   29.479442500   -1.821038478
    1.766509378   29.454458463   -1.723289963
    1.784153940   29.418887051   -2.954485417
    1.801798502   29.357038040   -4.506339888
    1.819443064   29.274899215   -5.028905559
    1.837087625   29.196096680   -4.166089266
    1.854732187   29.139435644   -2.748200547
    1.872376749   29.103214014   -2.042415712
    1.890021311   29.067990531   -2.631198619
    1.907665873   29.014595016   -3.909532304
    1.925310435   28.940065007   -4.839947564
    1.942954997   28.857733974   -4.862203151
    1.960599559   28.781909167   -4.161613298
    1.978244120   28.719262368   -3.437613537
    1.995888682   28.665118198   -3.245391925
    2.013533244   28.609946536   -3.600414427
    2.031177806   28.545652037   -4.104434686
    2.048822368   28.474064378   -4.408726549
    2.066466930   28.402988004   -4.025539194
    2.084111492   28.345726792   -2.780062715
    2.101756054   28.314711231   -1.183495255
    2.119400615   28.308694193   -0.125529818
    2.137045177   28.310887794   -0.359119164
    2.154689739   28.298246252   -1.611748595
    2.172334301   28.262584963   -2.788938198
    2.189978863   28.215154184   -2.880551690
    2.207623425   28.175170562   -2.064860066
    2.225267987   28.148407801   -1.582527198
    2.242912548   28.119676530   -2.392749551
    2.260557110   28.067105455   -4.064977321
    2.278201672   27.987692099   -5.147167641
    2.295846234   27.903218255   -4.667954283
    2.313490796   27.840768340   -2.748518552
    2.331135358   27.814399856   -0.808253659
    2.348779920   27.813745937    0.001981107
    2.366424482   27.814381214   -0.593416692
    2.384069043   27.796841733   -1.872696658
    2.401713605   27.758215640   -2.940217153
    2.419358167   27.707521450   -3.105832370
    2.437002729   27.661855312   -2.448011550
    2.454647291   27.631253431   -1.513098476
    2.472291853   27.614048720   -1.031257838
    2.489936415   27.597610158   -1.492996323
    2.507580977   27.565508433   -2.703966197
    2.525225538   27.510086059   -3.996346045
    2.542870100   27.436880224   -4.642897509
    2.560514662   27.361085362   -4.276530827
    2.578159224   27.300039488   -2.980434783
    2.595803786   27.267257407   -1.226838972
    2.613448348   27.263610868    0.214481525
    2.631092910   27.276952521    0.546114514
    2.648737472   27.283204542   -0.489791498
    2.666382033   27.262823146   -2.408572565
    2.684026595   27.208686644   -4.122214103
    2.701671157   27.131826333   -4.863218956
    2.719315719   27.050867047   -4.628224296
    2.736960281   26.980706629   -3.802502290
    2.754604843   26.927879149   -2.600054798
    2.772249405   26.896334338   -1.535973858
    2.789893967   26.878836350   -1.110770791
    2.807538528   26.858006243   -1.942516648
    2.825183090   26.812762215   -3.760152375
    2.842827652   26.736228102   -5.222905946
    2.860472214   26.646052033   -5.207993479
    2.878116776   26.569135756   -3.839193296
    2.895761338   26.519083489   -2.351481763
    2.913405900   26.488101786   -1.904339686
    2.931050462   26.457159461   -2.148906463
    2.948695023   26.422599007   -2.073776369
    2.966339585   26.398056116   -0.991305152
    2.983984147   26.399938044    0.603139404
    3.001628709   26.426174708    1.753263553
    3.019273271   26.461452970    1.561217147
    3.036917833   26.484156370    0.476870158
    3.054562395   26.487629169   -0.516453221
    3.072206957   26.480706809   -0.588548574
    3.089851518   26.480056794    0.078567241
    3.107496080   26.491880980    0.713666354
    3.125140642   26.509911749    0.757544821
    3.142785204   26.525403480    0.461513671
    3.160429766   26.537642781    0.534281839
    3.178074328   26.556541138    1.161536097
    3.195718890   26.587789314    1.852501207
    3.213363452   26.625995535    1.862057628
    3.231008013   26.657156528    1.025507872
    3.248652575   26.671744317    0.224055764
    3.266297137   26.678893868    0.310292853
    3.283941699   26.698153474    1.533906336
    3.301586261   26.745145742    3.254338576
    3.319230823   26.818332719    4.357087635
    3.336875385   26.899382357    4.136562878
    3.354519946   26.966112880    2.801436112
    3.372164508   27.006337038    1.315267657
    3.389809070   27.026638834    0.665485055
    3.407453632   27.044760469    1.110257871
    3.425098194   27.076555019    1.958984440
    3.442742756   27.119754704    2.296329281
    3.460387318   27.160688513    1.754439881
    3.478031880   27.189315596    1.012103198
    3.495676441   27.211759641    1.249388519
    3.513321003   27.248813110    2.595545994
    3.530965565   27.310640108    3.709954643
    3.548610127   27.377653867    3.034836049
    3.566254689   27.413298944    0.294442986
    3.583899251   27.393902124   -2.835036539
    3.601543813   27.332586649   -4.194757150
    3.619188375   27.270555082   -2.889204931
    3.636832936   27.248929846   -0.009558641
    3.654477498   27.279742989    2.916535690
    3.672122060   27.352348627    4.611311471
    3.689766622   27.442046802    4.840580681
    3.707411184   27.524948021    3.869806168
    3.725055746   27.583765075    2.224925474
    3.742700308   27.612965420    0.683691825
    3.760344870   27.621772695    0.061084577
    3.777989431   27.629044950    0.459953190
    3.795633993   27.646801187    0.982142030
    3.813278555   27.666882667    0.535101949
    3.830923117   27.668892313   -0.903295995
    3.848567679   27.645287122   -2.056885035
    3.866212241   27.615611078   -1.414111224
    3.883856803   27.615894582    1.185440995
    3.901501365   27.668372185    4.172317254
    3.919145926   27.763782506    5.822938132
    3.936790488   27.872950717    5.892214475
    3.954435050   27.976875834    5.433588061
    3.972079612   28.076234512    5.462373920
    3.989724174   28.179462279    5.697393719
    4.007368736   28.281313111    5.126142068
    4.025013298   28.362765567    3.542591136
    4.042657860   28.413994986    1.952181193
    4.060302421   28.450125183    1.965523474
    4.077946983   28.504786253    3.957755175
    4.095591545   28.603952691    6.751257159
    4.113236107   28.745024735    8.478775897
    4.130880669   28.899448531    8.296703284
    4.148525231   29.037676001    6.804341318
    4.166169793   29.150163995    5.646829755
    4.183814355   29.255630883    6.145575936
    4.201458916   29.383832648    8.024798865
    4.219103478   29.545548994    9.584814114
    4.236748040   29.716687275    8.822350327
    4.254392602   29.849407516    5.403915737
    4.272037164   29.910681609    1.147531271
    4.289681726   29.911884906   -0.924890633
    4.307326288   29.907133864    0.450441716
    4.324970849   29.948890884    3.939323349
    4.342615411   30.052042349    7.026154410
    4.360259973   30.193012510    8.191950335
    4.377904535   30.340840870    7.965451191
    4.395549097   30.482398171    7.621047177
    4.413193659   30.620466280    7.619164303
    4.430838221   30.758796388    7.488054359
    4.448482783   30.891890999    7.085253348
    4.466127344   31.018151930    6.892508318
    4.483771906   31.148131923    7.557196392
    4.501416468   31.299069919    9.228859334
    4.519061030   31.484359762   11.248416897
    4.536705592   31.701580716   12.721867259
    4.554350154   31.934293910   12.985393059
    4.571994716   32.158795501   11.835641098
    4.589639278   32.355523195    9.860455314
    4.607283839   32.516877952    8.025109646
    4.624928401   32.652202699    7.015779448
    4.642572963   32.779048960    6.998245330
    4.660217525   32.912367305    7.809316404
    4.677862087   33.063927917    8.802667724
    4.695506649   33.231949391    9.708039977
    4.713151211   33.413229890   10.368164814
    4.730795773   33.606218856   11.047652421
    4.748440334   33.813424034   12.110070957
    4.766084896   34.041990136   13.275249608
    4.783729458   34.287461166   13.934225125
    4.801374020   34.535859902   13.699297017
    4.819018582   34.778196544   13.440766072
    4.836663144   35.026734648   14.603298376
    4.854307706   35.312908048   17.562847266
    4.871952268   35.656820412   20.774094185
    4.889596829   36.042052615   21.921350591
    4.907241391   36.420227359   20.050053912
    4.924885953   36.746402739   16.317611847
    4.942530515   37.007345640   13.043369508
    4.960175077   37.231534481   12.582182495
    4.977819639   37.481261595   16.156427052
    4.995464201   37.838381229   24.372092907
    5.013108763   38.368051295   35.225331109
    5.030753324   39.080279645   44.147727133
    5.048397886   39.888079591   44.887089286
    5.066042448   40.604241389   33.658540247
    5.083687010   41.035848237   14.350326340
    5.101331572   41.164327644    2.974531048
    5.118976134   41.349313547   25.251651225
    5.136620696   42.399864136  103.632062226
    5.154265258   45.354360175  238.437988020
    5.171909819   50.971976581  397.635249310
    5.189554381   59.219009612  527.000771911
    5.207198943   69.114898323  578.710515667
    5.224843505   79.101009772  538.300369278
    5.242488067   87.714268394  429.551253261
    5.260132629   94.126179283  296.426530699
    5.277777191   98.272599172  177.793860386
    5.295421753  100.611930459   92.968372379
    5.313066314  101.766368852   42.457988581
    5.330710876  102.265772046   16.925975869
    5.348355438  102.456167922    5.787530806
    5.366000000  102.520657097    1.535501359
