#! FIELDS d_SNaSNa_1 file.free der_d_SNaSNa_1
#! SET min_d_SNaSNa_1 0.131488
#! SET max_d_SNaSNa_1 4.31202
#! SET nbins_d_SNaSNa_1  238
#! SET periodic_d_SNaSNa_1 false
    0.131488000   78.965890578   -1.293900465
    0.149127376   78.917630424   -4.595847718
    0.166766751   78.767741582  -13.756202854
    0.184406127   78.353743724  -36.082791091
    0.202045502   77.348311723  -82.981903380
    0.219684878   75.203082428 -167.197235907
    0.237324253   71.190364473 -294.497330009
    0.254963629   64.627597199 -452.033961585
    0.272603004   55.283214132 -601.579035541
    0.290242380   43.769300944 -688.919023658
    0.307881755   31.604361192 -670.877525682
    0.325521131   20.745180541 -544.674602237
    0.343160506   12.759479078 -355.881116372
    0.360799882    8.137724760 -175.001944058
    0.378439257    6.196703243  -58.226988969
    0.396078633    5.607355100  -20.470102274
    0.413718008    5.148267467  -37.174672255
    0.431357384    4.214582971  -67.671229607
    0.448996759    2.865375933  -80.864868345
    0.466636135    1.515342346  -68.234095824
    0.484275511    0.545652258  -40.461909573
    0.501914886    0.076918063  -13.839172105
    0.519554262    0.000000000    2.885550314
    0.537193637    0.162134821   14.366947022
    0.554833013    0.558216379   31.713321040
    0.572472388    1.358966336   60.540142480
    0.590111764    2.739237074   95.547710505
    0.607751139    4.695418256  123.452933289
    0.625390515    6.988705501  132.482775447
    0.643029890    9.252861145  120.788529225
    0.660669266   11.184351649   96.451450825
    0.678308641   12.663269099   71.255554480
    0.695948017   13.750424713   52.813806404
    0.713587392   14.583064949   42.193538546
    0.731226768   15.274318153   36.089332918
    0.748866143   15.871335844   31.085963432
    0.766505519   16.378754232   25.920242387
    0.784144895   16.801618708   21.619589766
    0.801784270   17.169455114   20.041581497
    0.819423646   17.536851427   21.574030353
    0.837063021   17.949793273   24.936339830
    0.854702397   18.422685658   28.130566007
    0.872341772   18.938772901   29.624856238
    0.889981148   19.466222237   29.463374841
    0.907620523   19.983894582   28.926500984
    0.925259899   20.498526802   29.205093299
    0.942899274   21.029948795   30.809591818
    0.960538650   21.595384327   32.789079625
    0.978178025   22.187306550   33.678590967
    0.995817401   22.779159657   32.747391907
    1.013456776   23.345165445   30.964768584
    1.031096152   23.884929760   30.073323187
    1.048735527   24.423869206   30.916982339
    1.066374903   24.986072178   32.321104676
    1.084014278   25.562905539   32.152999907
    1.101653654   26.111175363   29.147512713
    1.119293030   26.584848454   23.923595605
    1.136932405   26.963682383   18.840413694
    1.154571781   27.268974317   15.778743100
    1.172211156   27.539526889   14.717888429
    1.189850532   27.795728350   13.760897877
    1.207489907   28.020946271   11.027160385
    1.225129283   28.181358270    6.700116702
    1.242768658   28.267532987    3.046854962
    1.260408034   28.315799973    2.691185817
    1.278047409   28.391270510    5.968301934
    1.295686785   28.538579350   10.301751382
    1.313326160   28.746328068   12.310041485
    1.330965536   28.954968179   10.332658904
    1.348604911   29.100941462    5.683176985
    1.366244287   29.162256782    1.257673004
    1.383883662   29.166735415   -0.645789529
    1.401523038   29.164223812    0.395534439
    1.419162414   29.194886487    2.908735445
    1.436801789   29.269868405    5.073661926
    1.454441165   29.372538748    5.993383249
    1.472080540   29.479517531    5.541912212
    1.489719916   29.567378406    3.909419258
    1.507359291   29.617998269    1.402707638
    1.524998667   29.621305628   -1.278189543
    1.542638042   29.582848789   -3.218348448
    1.560277418   29.521494617   -3.768920457
    1.577916793   29.462941203   -2.997435438
    1.595556169   29.425632556   -1.506338789
    1.613195544   29.416781642    0.110742903
    1.630834920   29.434152850    1.478739445
    1.648474295   29.471041992    2.289889850
    1.666113671   29.516105475    2.344288189
    1.683753046   29.554942916    1.581619410
    1.701392422   29.573968773    0.139262579
    1.719031797   29.565132605   -1.377538733
    1.736671173   29.534639620   -2.206150416
    1.754310549   29.501212494   -1.697547788
    1.771949924   29.488356713    0.082563537
    1.789589300   29.512060542    2.302522975
    1.807228675   29.569884272    3.737379224
    1.824868051   29.640703739    3.660477469
    1.842507426   29.697288832    2.300524447
    1.860146802   29.724861888    0.542178142
    1.877786177   29.726052075   -0.599928080
    1.895425553   29.714843926   -0.896932181
    1.913064928   29.700681830   -1.081844659
    1.930704304   29.677294165   -2.065310720
    1.948343679   29.628669410   -3.834110175
    1.965983055   29.550250498   -5.182685163
    1.983622430   29.462780251   -4.581519943
    2.001261806   29.408241385   -1.608175742
    2.018901181   29.419162588    2.508351650
    2.036540557   29.495075069    5.360717849
    2.054179932   29.595242196    5.145012266
    2.071819308   29.664022333    1.948142541
    2.089458684   29.663844105   -2.299409055
    2.107098059   29.596548065   -5.292448140
    2.124737435   29.497112277   -5.882393176
    2.142376810   29.407411685   -4.390965099
    2.160016186   29.353973493   -1.926437875
    2.177655561   29.345129924    0.562866044
    2.195294937   29.377650897    2.748216271
    2.212934312   29.444593530    4.383432332
    2.230573688   29.532906581    5.053734043
    2.248213063   29.620661576    4.329847904
    2.265852439   29.683601034    2.415562532
    2.283491814   29.710076408    0.381186389
    2.301131190   29.709294121   -0.557221255
    2.318770565   29.704660952   -0.092782150
    2.336409941   29.715903892    1.060250461
    2.354049316   29.746551786    1.957949393
    2.371688692   29.785216778    1.964893241
    2.389328068   29.815210592    0.958951767
    2.406967443   29.821209278   -0.660847332
    2.424606819   29.798770614   -2.112428395
    2.442246194   29.759479014   -2.400568117
    2.459885570   29.729371105   -1.119812376
    2.477524945   29.730441378    0.995325153
    2.495164321   29.764236270    2.219547063
    2.512803696   29.801544831    1.277664901
    2.530443072   29.803882594   -1.534702229
    2.548082447   29.751844892   -4.496920570
    2.565721823   29.660598928   -5.799142800
    2.583361198   29.568146399   -4.652679069
    2.601000574   29.511769802   -1.924597664
    2.618639949   29.505814849    0.793555804
    2.636279325   29.537994847    2.314675338
    2.653918700   29.582997975    2.264298892
    2.671558076   29.616626031    1.050399472
    2.689197451   29.623792815   -0.597773763
    2.706836827   29.602258647   -2.071990756
    2.724476203   29.559605696   -2.958332508
    2.742115578   29.509011668   -2.941976446
    2.759754954   29.466889759   -2.004364505
    2.777394329   29.446879204   -0.571638956
    2.795033705   29.452769122    0.858607199
    2.812673080   29.479520371    1.747254570
    2.830312456   29.515391651    1.866055300
    2.847951831   29.548294694    1.418943945
    2.865591207   29.570438190    0.786680564
    2.883230582   29.582437230    0.257824787
    2.900869958   29.587439071    0.065264576
    2.918509333   29.590797616   -0.019027537
    2.936148709   29.592596469   -0.089488389
    2.953788084   29.593190357   -0.107381475
    2.971427460   29.597924035    0.362506202
    2.989066835   29.617484833    1.652899497
    3.006706211   29.662867379    3.110750751
    3.024345586   29.727511743    3.653874181
    3.041984962   29.787035302    2.496691783
    3.059624338   29.812780512   -0.043079220
    3.077263713   29.790498660   -2.693710599
    3.094903089   29.730989472   -4.090980138
    3.112542464   29.663313792   -3.607415278
    3.130181840   29.618426983   -1.692637538
    3.147821215   29.611443932    0.477473143
    3.165460591   29.634481336    1.580724580
    3.183099966   29.661194575    0.788587093
    3.200739342   29.659692585   -1.416181612
    3.218378717   29.617301407   -3.567126798
    3.236018093   29.549330179   -4.112460289
    3.253657468   29.490507710   -2.543992735
    3.271296844   29.471579037    0.085600997
    3.288936219   29.495396457    2.041968832
    3.306575595   29.537359393    2.052037390
    3.324214970   29.563881267    0.455450321
    3.341854346   29.558898002   -1.187369455
    3.359493722   29.535755910   -1.504725855
    3.377133097   29.521062917   -0.350502822
    3.394772473   29.531316805    1.156065715
    3.412411848   29.560728838    1.606534254
    3.430051224   29.586391012    0.792375870
    3.447690599   29.592913226   -0.273755941
    3.465329975   29.587876395   -0.389765669
    3.482969350   29.591859566    0.661917429
    3.500608726   29.618730858    1.945335243
    3.518248101   29.662301366    2.530808174
    3.535887477   29.709224958    2.480116359
    3.553526852   29.758680642    2.949122331
    3.571166228   29.828737332    4.918082078
    3.588805603   29.943761820    7.867172170
    3.606444979   30.109863220   10.439276374
    3.624084354   30.310572044   11.764280470
    3.641723730   30.524195972   12.051976208
    3.659363105   30.741008391   12.236102249
    3.677002481   30.965367912   12.992361883
    3.694641857   31.208725763   14.341331343
    3.712281232   31.480341096   16.218417712
    3.729920608   31.791777650   18.931646785
    3.747559983   32.161973754   22.908366121
    3.765199359   32.612595929   28.004711928
    3.782838734   33.157018566   33.235094901
    3.800478110   33.785942789   37.497362811
    3.818117485   34.477156417   40.279177739
    3.835756861   35.206892249   42.052860931
    3.853396236   35.966043251   43.668669164
    3.871035612   36.754634604   45.460025649
    3.888674987   37.574288855   46.960502984
    3.906314363   38.414690488   47.822573810
    3.923953738   39.265406270   48.233853596
    3.941593114   40.125203097   48.942470661
    3.959232489   41.005622577   50.667780280
    3.976871865   41.930492538   54.219331931
    3.994511241   42.947944090   61.702653778
    4.012150616   44.162767564   77.465432821
    4.029789992   45.765253617  106.342446275
    4.047429367   48.004651825  149.211510654
    4.065068743   51.080603388  199.414382375
    4.082708118   55.009264686  243.312492303
    4.100347494   59.546996810  266.439787125
    4.117986869   64.243520066  260.714626871
    4.135626245   68.593198461  228.361795303
    4.153265620   72.207858016  179.571238394
    4.170904996   74.911918410  127.069742778
    4.188544371   76.736090433   81.107741697
    4.206183747   77.847541672   46.740484441
    4.223823122   78.459810554   24.272233482
    4.241462498   78.764344711   11.307008377
    4.259101873   78.900904867    4.675776388
    4.276741249   78.956718210    1.605447483
    4.294380624   78.974956227    0.522684383
    4.312020000   78.981008870    0.122538081
