#! FIELDS d_SNaC5_1 file.free der_d_SNaC5_1
#! SET min_d_SNaC5_1 0.135898
#! SET max_d_SNaC5_1 5.3692
#! SET nbins_d_SNaC5_1  298
#! SET periodic_d_SNaC5_1 false
    0.135898000  102.451160158   -1.003032099
    0.153518545  102.409115700   -3.948435652
    0.171139091  102.275011631  -12.392676275
    0.188759636  101.894598100  -33.657978404
    0.206380182  100.936740973  -80.479988120
    0.224000727   98.807548365 -169.444894607
    0.241621273   94.633877262 -313.794721009
    0.259241818   87.435243268 -509.899345409
    0.276862364   76.547392791 -724.063057630
    0.294482909   62.179613470 -892.742490581
    0.312103455   45.767290844 -945.929362043
    0.329724000   29.752231765 -846.122187915
    0.347344545   16.711438693 -617.972041153
    0.364965091    8.249835937 -342.787132341
    0.382585636    4.332545431 -116.489706245
    0.400206182    3.491455733    1.500542410
    0.417826727    3.751178788   13.850665791
    0.435447273    3.649258502  -29.142864708
    0.453067818    2.746737134  -68.661192025
    0.470688364    1.445916313  -72.030973110
    0.488308909    0.402897782  -42.391082148
    0.505929455    0.000000000   -3.902183232
    0.523550000    0.182814354   21.016476514
    0.541170545    0.633982231   26.424775322
    0.558791091    1.068990629   21.135739513
    0.576411636    1.410309316   17.841988384
    0.594032182    1.762350294   23.057974664
    0.611652727    2.267504630   34.198529088
    0.629273273    2.962521380   43.049165060
    0.646893818    3.729699370   41.185610813
    0.664514364    4.338432088   24.800360841
    0.682134909    4.551906689   -2.652244064
    0.699755455    4.250040969  -31.596610724
    0.717376000    3.509789246  -50.678911578
    0.734996545    2.579067334  -52.518768083
    0.752617091    1.767147705  -38.178296012
    0.770237636    1.289809410  -16.425349290
    0.787858182    1.184832904    2.792012171
    0.805478727    1.360670797   15.548628922
    0.823099273    1.737865705   27.131178695
    0.840719818    2.377347361   46.714641361
    0.858340364    3.468379642   78.239277319
    0.875960909    5.177126366  114.807435460
    0.893581455    7.470000141  141.998018688
    0.911202000   10.063767623  147.695007824
    0.928822545   12.550516145  130.622730359
    0.946443091   14.604017018  100.774739956
    0.964063636   16.121068571   71.718645620
    0.981684182   17.205319917   52.561200048
    0.999304727   18.048744633   43.844381557
    1.016925273   18.796988686   40.916153316
    1.034545818   19.503822102   38.410165196
    1.052166364   20.153265252   34.223913294
    1.069786909   20.719035879   29.181202606
    1.087407455   21.203176667   25.434448334
    1.105028000   21.645129029   24.567554942
    1.122648545   22.098570228   26.868806353
    1.140269091   22.612389578   30.990941408
    1.157889636   23.201940623   35.308046081
    1.175510182   23.856578942   38.029405507
    1.193130727   24.541142760   38.684243481
    1.210751273   25.219709435   37.525998551
    1.228371818   25.868165605   35.423365191
    1.245992364   26.476780277   33.194548482
    1.263612909   27.048944677   31.305501335
    1.281233455   27.591280788   29.687463791
    1.298854000   28.104422765   27.910729727
    1.316474545   28.579701015   25.220702712
    1.334095091   28.996957233   21.459075974
    1.351715636   29.339019720   16.705651803
    1.369336182   29.594867198   11.892930359
    1.386956727   29.771926339    7.919523018
    1.404577273   29.890774636    5.188418649
    1.422197818   29.971010312    3.539103649
    1.439818364   30.024525700    1.896543313
    1.457438909   30.043985967   -0.171061522
    1.475059455   30.024405914   -2.455503248
    1.492680000   29.972410681   -3.697826494
    1.510300545   29.914073708   -3.057987289
    1.527921091   29.880950236   -1.104534383
    1.545541636   29.881984611    0.564102774
    1.563162182   29.898246336    0.510166361
    1.580782727   29.898215345   -1.199444970
    1.598403273   29.865119626   -2.780707619
    1.616023818   29.818917426   -2.658690114
    1.633644364   29.792416811   -0.563049456
    1.651264909   29.807094383    1.584200474
    1.668885455   29.845035317    1.797939108
    1.686506000   29.863267273   -0.553817275
    1.704126545   29.825827804   -4.266617290
    1.721747091   29.726479658   -7.170706460
    1.739367636   29.593883585   -7.967892030
    1.756988182   29.467711736   -6.646882622
    1.774608727   29.374798475   -4.302247305
    1.792229273   29.321556105   -2.328420184
    1.809849818   29.293926066   -1.531139350
    1.827470364   29.269905603   -1.836858781
    1.845090909   29.233846624   -2.822674595
    1.862711455   29.178356905   -3.904602218
    1.880332000   29.105219616   -4.853357888
    1.897952545   29.015879707   -5.693946267
    1.915573091   28.912950998   -6.380105614
    1.933193636   28.803083758   -6.369351104
    1.950814182   28.704017888   -5.156469570
    1.968434727   28.637057895   -2.815036212
    1.986055273   28.612427196   -0.555831909
    2.003675818   28.617238914    0.280924259
    2.021296364   28.621190135   -0.620454772
    2.038916909   28.598935053   -2.408459911
    2.056537455   28.546732485   -3.835258917
    2.074158000   28.478327510   -4.284272244
    2.091778545   28.407629446   -4.225793345
    2.109399091   28.336547883   -4.379139445
    2.127019636   28.258948398   -4.913460182
    2.144640182   28.174149855   -5.110495708
    2.162260727   28.094449910   -4.233472556
    2.179881273   28.038520748   -2.550736081
    2.197501818   28.012549944   -0.944066551
    2.215122364   28.007270986   -0.344312581
    2.232742909   28.002111899   -0.850145690
    2.250363455   27.981016074   -2.070512417
    2.267984000   27.935435781   -3.599083893
    2.285604545   27.863244182   -5.021177663
    2.303225091   27.770463713   -5.851381946
    2.320845636   27.673688012   -5.322314009
    2.338466182   27.600035542   -3.280233750
    2.356086727   27.570255164   -0.611058747
    2.373707273   27.582386742    1.200434378
    2.391327818   27.609529749    1.037439828
    2.408948364   27.619130005   -0.600517326
    2.426568909   27.597418712   -2.191434047
    2.444189455   27.557457382   -2.648480025
    2.461810000   27.518841114   -2.203753365
    2.479430545   27.486577759   -2.056056866
    2.497051091   27.448615786   -2.905762987
    2.514671636   27.390427361   -4.160754802
    2.532292182   27.314780841   -4.788396759
    2.549912727   27.237968109   -4.243870954
    2.567533273   27.177860314   -3.016254504
    2.585153818   27.140161414   -1.835654190
    2.602774364   27.119207022   -1.123295115
    2.620394909   27.105383606   -1.035799404
    2.638015455   27.086562992   -1.694966742
    2.655636000   27.051846361   -2.823150004
    2.673256545   26.997101828   -3.811246731
    2.690877091   26.930179784   -4.109399748
    2.708497636   26.865814413   -3.536436117
    2.726118182   26.816513702   -2.540417574
    2.743738727   26.783880877   -1.743025811
    2.761359273   26.761140583   -1.467855977
    2.778979818   26.739050705   -1.508243450
    2.796600364   26.716106317   -1.562405924
    2.814220909   26.696558602   -1.052170339
    2.831841455   26.691361354    0.003811808
    2.849462000   26.706384223    1.207878491
    2.867082545   26.737169151    1.580298167
    2.884703091   26.763534712    0.691650510
    2.902323636   26.764862962   -1.143360699
    2.919944182   26.733032528   -2.864951764
    2.937564727   26.677995415   -3.690013417
    2.955185273   26.617241542   -3.553178073
    2.972805818   26.563496368   -3.053186385
    2.990426364   26.517619638   -2.693778512
    3.008046909   26.475605125   -2.604429417
    3.025667455   26.434522545   -2.468152227
    3.043288000   26.398386276   -2.120102273
    3.060908545   26.372310982   -1.290880009
    3.078529091   26.364020046   -0.087534353
    3.096149636   26.378245296    1.212503044
    3.113770182   26.413527073    2.192925615
    3.131390727   26.460372853    2.562824286
    3.149011273   26.507407857    2.122296023
    3.166631818   26.541427285    1.162703261
    3.184252364   26.556663092    0.104086601
    3.201872909   26.556614672   -0.514259400
    3.219493455   26.553441341   -0.136790802
    3.237114000   26.565752235    1.129406762
    3.254734545   26.604230862    2.740210445
    3.272355091   26.666751382    3.720160499
    3.289975636   26.737407070    3.543270622
    3.307596182   26.796728439    2.563706018
    3.325216727   26.836035031    1.527850322
    3.342837273   26.861667924    0.956661111
    3.360457818   26.881871504    0.864083277
    3.378078364   26.900766760    0.730244368
    3.395698909   26.914583931    0.275796157
    3.413319455   26.920135835   -0.060110097
    3.430940000   26.925472751    0.284486605
    3.448560545   26.943493437    1.295918094
    3.466181091   26.978983901    2.133150678
    3.483801636   27.020437833    1.891714753
    3.501422182   27.048145890    0.665178455
    3.519042727   27.053448202   -0.459377972
    3.536663273   27.046775100   -0.586607623
    3.554283818   27.047336274    0.235977259
    3.571904364   27.064502998    1.050661707
    3.589524909   27.088323659    0.954032271
    3.607145455   27.101034749   -0.055434461
    3.624766000   27.094767008   -1.027359324
    3.642386545   27.080999876   -0.744433852
    3.660007091   27.086857407    1.125790631
    3.677627636   27.133842113    3.705174792
    3.695248182   27.221843294    5.580327182
    3.712868727   27.328542671    5.748106928
    3.730489273   27.423318809    4.247313728
    3.748109818   27.482828850    1.995799922
    3.765730364   27.503760643   -0.024336437
    3.783350909   27.498000144   -0.895913471
    3.800971455   27.489311871   -0.385401940
    3.818592000   27.498194762    0.934196093
    3.836212545   27.529279770    2.008003122
    3.853833091   27.571661811    2.119835823
    3.871453636   27.610607051    1.801933087
    3.889074182   27.648769989    2.266772470
    3.906694727   27.707699283    4.164586958
    3.924315273   27.807392153    6.617875331
    3.941935818   27.941753310    7.760992799
    3.959556364   28.076509272    6.675344420
    3.977176909   28.176916083    4.172341632
    3.994797455   28.234295287    2.101250384
    4.012418000   28.271422780    1.952873093
    4.030038545   28.323610819    3.701775691
    4.047659091   28.414940253    6.110563436
    4.065279636   28.543989450    7.860727643
    4.082900182   28.690251076    7.950330871
    4.100520727   28.821830401    6.198050244
    4.118141273   28.911755778    3.398872152
    4.135761818   28.952925855    1.024824074
    4.153382364   28.968091061    0.643881054
    4.171002909   28.998732218    2.695583003
    4.188623455   29.079268751    6.000704896
    4.206244000   29.213380072    8.433988630
    4.223864545   29.372517067    8.756842798
    4.241485091   29.520712454    7.360115862
    4.259105636   29.640775546    5.941428570
    4.276726182   29.746831977    5.872380592
    4.294346727   29.865609627    7.275897551
    4.311967273   30.013021120    8.781791098
    4.329587818   30.175564770    8.948649814
    4.347208364   30.324609771    7.224830981
    4.364828909   30.435785118    4.899019858
    4.382449455   30.513753563    3.735522270
    4.400070000   30.587994719    4.450780444
    4.417690545   30.686008671    6.246362915
    4.435311091   30.813120999    7.486775803
    4.452931636   30.949822302    7.312537143
    4.470552182   31.075552913    6.510717794
    4.488172727   31.192634003    6.580842873
    4.505793273   31.326581432    8.402144079
    4.523413818   31.504284191   11.355101542
    4.541034364   31.729698415   13.376559596
    4.558654909   31.969081071   12.896951118
    4.576275455   32.177048432    9.909817070
    4.593896000   32.324364727    6.553498642
    4.611516545   32.428489330    5.211665240
    4.629137091   32.536145222    7.005508065
    4.646757636   32.694240880   10.573609611
    4.664378182   32.911685843   13.326791631
    4.681998727   33.157358911   13.602298596
    4.699619273   33.386181519   11.665898452
    4.717239818   33.574523492    9.305630861
    4.734860364   33.731014640    8.304620908
    4.752480909   33.886203438    9.026052988
    4.770101455   34.063356019   10.680951145
    4.787722000   34.268825375   12.118326651
    4.805342545   34.493770377   12.838125824
    4.822963091   34.727860051   13.265996352
    4.840583636   34.971673544   14.003260261
    4.858204182   35.233195495   15.300056592
    4.875824727   35.519421977   16.749796939
    4.893445273   35.827631753   17.640773615
    4.911065818   36.144296346   17.627187122
    4.928686364   36.454431423   17.066288157
    4.946306909   36.756865907   17.035205617
    4.963927455   37.071540359   18.783728630
    4.981548000   37.441919791   23.430586189
    4.999168545   37.924367080   31.180764218
    5.016789091   38.557220242   39.948157547
    5.034409636   39.319577106   44.788812953
    5.052030182   40.082087612   38.846440563
    5.069650727   40.612025625   18.531101274
    5.087271273   40.702521554   -8.419557065
    5.104891818   40.420608410  -18.750712437
    5.122512364   40.332342856   18.409221857
    5.140132909   41.474903759  121.890300186
    5.157753455   44.962001369  279.423849292
    5.175374000   51.384684362  445.454901980
    5.192994545   60.377177263  562.079729524
    5.210615091   70.673040204  589.813538686
    5.228235636   80.633969693  527.264120503
    5.245856182   88.920978941  406.786363973
    5.263476727   94.905137247  273.143068373
    5.281097273   98.681857733  160.315296716
    5.298717818  100.772144356   82.483252845
    5.316338364  101.789285741   37.242581456
    5.333958909  102.226180370   14.651103529
    5.351579455  102.390495725    5.000852411
    5.369200000  102.446920743    1.262066246
