#! FIELDS d_SNaNd_1 file.free der_d_SNaNd_1
#! SET min_d_SNaNd_1 0.126759
#! SET max_d_SNaNd_1 5.36919
#! SET nbins_d_SNaNd_1  298
#! SET periodic_d_SNaNd_1 false
    0.126759000  104.411943347   -0.912758511
    0.144410283  104.372434904   -3.700683899
    0.162061566  104.246651839  -11.664992875
    0.179712848  103.885918602  -31.976002958
    0.197364131  102.970227788  -77.090953308
    0.215015414  100.917983636 -163.604844095
    0.232666697   96.863713138 -305.251744183
    0.250317980   89.823257982 -499.225706558
    0.267969263   79.114494002 -712.531531774
    0.285620545   64.922705065 -881.706527738
    0.303271828   48.664206127 -936.554853606
    0.320923111   32.757042676 -840.739669678
    0.338574394   19.714310001 -622.333563629
    0.356225677   11.007922437 -366.149040673
    0.373876960    6.442456559 -166.419589812
    0.391528242    4.496193818  -71.786338700
    0.409179525    3.389161445  -63.285824532
    0.426830808    2.114599270  -79.638624622
    0.444482091    0.755325516  -66.853662848
    0.462133374    0.000000000  -13.232003998
    0.479784657    0.359857277   52.896641955
    0.497435939    1.712044377   94.053929161
    0.515087222    3.432895599   94.167079041
    0.532738505    4.884348242   66.834905003
    0.550389788    5.814142376   39.119980461
    0.568041071    6.387869682   28.302672825
    0.585692354    6.909344347   31.704347442
    0.603343636    7.513614984   35.166772537
    0.620994919    8.092455933   27.842572273
    0.638646202    8.444658978   10.227650813
    0.656297485    8.461388117   -8.649580357
    0.673948768    8.199770604  -20.298595047
    0.691600051    7.815501361  -22.435999935
    0.709251333    7.460904271  -17.364011197
    0.726902616    7.237922065   -7.863074845
    0.744553899    7.208395523    4.075739873
    0.762205182    7.389714489   15.158220721
    0.779856465    7.722322921   20.349989913
    0.797507747    8.069674452   17.060712193
    0.815159030    8.317049066   10.816291897
    0.832810313    8.523852947   14.959219762
    0.850461596    8.987549745   40.945151333
    0.868112879   10.101893902   86.976502202
    0.885764162   12.086973465  135.651792304
    0.903415444   14.788854028  165.173732979
    0.921066727   17.746247887  164.228073599
    0.938718010   20.451165287  138.783006916
    0.956369293   22.608680576  104.917125354
    0.974020576   24.199979507   76.171444592
    0.991671859   25.366208944   56.705176008
    1.009323141   26.252846824   43.912834166
    1.026974424   26.947540284   34.829249625
    1.044625707   27.510942958   28.993412934
    1.062276990   28.004051064   26.507913539
    1.079928273   28.472862389   25.805770006
    1.097579556   28.921772415   23.990198250
    1.115230838   29.314910870   19.706716575
    1.132882121   29.618055664   14.186465700
    1.150533404   29.829837823    9.638830630
    1.168184687   29.980634296    7.213565587
    1.185835970   30.106705896    6.868274927
    1.203487253   30.242945146    8.282368199
    1.221138535   30.416127180   10.948995705
    1.238789818   30.636982106   13.454452341
    1.256441101   30.885616506   13.757102612
    1.274092384   31.114815110   11.007394843
    1.291743667   31.279055763    7.196971497
    1.309394949   31.383785109    4.620974865
    1.327046232   31.465617131    4.652325669
    1.344697515   31.566372144    6.267132692
    1.362348798   31.695332744    7.635178013
    1.380000081   31.836133998    7.567295956
    1.397651364   31.964016849    6.348879988
    1.415302646   32.064511566    4.583860729
    1.432953929   32.132796783    2.546088005
    1.450605212   32.164365720    0.595765123
    1.468256495   32.162377459   -1.266214181
    1.485907778   32.130895170   -2.628648909
    1.503559061   32.081447709   -3.281995309
    1.521210343   32.028048438   -3.215493644
    1.538861626   31.980159846   -2.612413855
    1.556512909   31.941635573   -2.270876559
    1.574164192   31.903396743   -2.565578041
    1.591815475   31.855721565   -3.392549919
    1.609466758   31.794340138   -3.893263458
    1.627118040   31.731603235   -3.473322624
    1.644769323   31.684731637   -2.179658967
    1.662420606   31.663426665   -0.736208183
    1.680071889   31.662421551   -0.045970224
    1.697723172   31.663488912   -0.475886998
    1.715374455   31.646452811   -1.989127929
    1.733025737   31.597903929   -4.160259295
    1.750677020   31.512292174   -5.868397733
    1.768328303   31.405578981   -6.379934014
    1.785979586   31.304755897   -5.324172310
    1.803630869   31.232008526   -3.302636537
    1.821282152   31.192186655   -1.863960306
    1.838933434   31.164805136   -2.026758182
    1.856584717   31.122084969   -3.374026363
    1.874236000   31.054631428   -4.614408435
    1.891887283   30.974706114   -4.689144851
    1.909538566   30.903031299   -3.808781446
    1.927189848   30.849020677   -2.909372192
    1.944841131   30.805668670   -2.555912396
    1.962492414   30.763556554   -2.734222544
    1.980143697   30.718196603   -2.783347508
    1.997794980   30.675552249   -2.431062679
    2.015446263   30.640757241   -2.045467861
    2.033097545   30.608579946   -2.242927265
    2.050748828   30.564355495   -3.315809774
    2.068400111   30.496254900   -4.857892427
    2.086051394   30.405051804   -5.813205229
    2.103702677   30.308039780   -5.373399691
    2.121353960   30.231129638   -3.686341686
    2.139005242   30.190012425   -1.431580419
    2.156656525   30.187842664    0.680265312
    2.174307808   30.217892016    2.091675489
    2.191959091   30.263661402    2.369826302
    2.209610374   30.299219573    0.784958411
    2.227261657   30.289001336   -2.718522342
    2.244912939   30.206603452   -7.023499730
    2.262564222   30.057858546   -9.901293772
    2.280215505   29.884801464   -9.603949955
    2.297866788   29.745237175   -6.291431648
    2.315518071   29.676783524   -2.047677904
    2.333169354   29.673177233    0.722677422
    2.350820636   29.694597025    0.783275638
    2.368471919   29.694148871   -1.546942010
    2.386123202   29.643797333   -4.633896957
    2.403774485   29.546014774   -6.584415154
    2.421425768   29.433173563   -6.270700350
    2.439077051   29.345588558   -3.878078223
    2.456728333   29.307457957   -0.985387840
    2.474379616   29.309975727    0.471079580
    2.492030899   29.320172038   -0.139783426
    2.509682182   29.308457851   -1.697914992
    2.527333465   29.273844637   -2.407873440
    2.544984747   29.241160188   -1.572089981
    2.562636030   29.231480692   -0.025754287
    2.580287313   29.242465629    0.491556386
    2.597938596   29.246360523   -0.826340455
    2.615589879   29.214610007   -3.318698908
    2.633241162   29.140959482   -5.267306653
    2.650892444   29.048822104   -5.380014068
    2.668543727   28.972060850   -3.591671240
    2.686195010   28.932422141   -1.508776239
    2.703846293   28.918078544   -0.955122229
    2.721497576   28.894509065   -2.457334765
    2.739148859   28.834870280   -4.797262829
    2.756800141   28.741350077   -5.944296935
    2.774451424   28.645058001   -5.175513170
    2.792102707   28.573545854   -3.331236941
    2.809753990   28.532286169   -2.081221060
    2.827405273   28.502215388   -2.002874125
    2.845056556   28.466280199   -2.512417620
    2.862707838   28.424087007   -2.601101524
    2.880359121   28.388013130   -1.956218850
    2.898010404   28.364718744   -1.186295334
    2.915661687   28.349377718   -1.183823382
    2.933312970   28.326689024   -1.971811479
    2.950964253   28.289535219   -2.594000264
    2.968615535   28.251279255   -1.948165044
    2.986266818   28.238532424    0.153100982
    3.003918101   28.268659244    2.646132084
    3.021569384   28.332562990    3.793203272
    3.039220667   28.397699734    2.838956325
    3.056871949   28.434089066    0.732018576
    3.074523232   28.436501034   -0.725754725
    3.092174515   28.427237926   -0.572095321
    3.109825798   28.431509368    0.672654872
    3.127477081   28.457192977    1.580790235
    3.145128364   28.489710316    1.388263065
    3.162779646   28.509423563    0.320783722
    3.180430929   28.508946267   -0.800006414
    3.198082212   28.495165451   -1.109218032
    3.215733495   28.485667579   -0.283546371
    3.233384778   28.498328344    1.346646357
    3.251036061   28.540994541    2.968503864
    3.268687343   28.606218182    3.736404840
    3.286338626   28.674451333    3.353569694
    3.303989909   28.728801053    2.158961558
    3.321641192   28.761158770    1.078243963
    3.339292475   28.778892351    0.577695065
    3.356943758   28.792131835    0.475285587
    3.374595040   28.803330002    0.241731928
    3.392246323   28.806738017   -0.425974151
    3.409897606   28.797527899   -0.954206159
    3.427548889   28.785959276   -0.691134799
    3.445200172   28.788790943    0.633764973
    3.462851455   28.818045864    2.138079069
    3.480502737   28.866663149    2.613600672
    3.498154020   28.911164487    1.790759421
    3.515805303   28.934765283    0.379588256
    3.533456586   28.938087282   -0.263706527
    3.551107869   28.942786634    0.573301342
    3.568759152   28.974616503    2.625334948
    3.586410434   29.046337131    4.936011040
    3.604061717   29.150633352    6.166255597
    3.621713000   29.261814349    5.640930585
    3.639364283   29.349987932    3.694488234
    3.657015566   29.400128429    1.537957898
    3.674666848   29.419146378    0.344467882
    3.692318131   29.427475657    0.277346370
    3.709969414   29.439713656    0.603300463
    3.727620697   29.454691513    0.462154984
    3.745271980   29.461894597   -0.191878599
    3.762923263   29.457234937   -0.677029108
    3.780574545   29.451850117   -0.231051387
    3.798225828   29.462793932    1.033151332
    3.815877111   29.497142736    2.264099813
    3.833528394   29.545468034    2.591985423
    3.851179677   29.592361169    2.169719332
    3.868830960   29.632268303    2.030522895
    3.886482242   29.678447236    2.916170577
    3.904133525   29.749065468    4.664700161
    3.921784808   29.850229386    6.155264319
    3.939436091   29.968053738    6.470362055
    3.957087374   30.079154648    5.490682951
    3.974738657   30.166072237    3.836173969
    3.992389939   30.224955534    2.402251991
    4.010041222   30.263931614    1.652201272
    4.027692505   30.297471874    1.837239754
    4.045343788   30.343428615    3.064255655
    4.062995071   30.420296421    5.276192686
    4.080646354   30.539815804    7.748821797
    4.098297636   30.696142789    9.193515404
    4.115948919   30.860792769    8.578362575
    4.133600202   30.995552687    5.935011741
    4.151251485   31.075680073    2.811150019
    4.168902768   31.112106023    1.248815765
    4.186554051   31.145691611    2.524327924
    4.204205333   31.221656661    5.720137940
    4.221856616   31.354609750    8.677724138
    4.239507899   31.522748683    9.467075128
    4.257159182   31.685052501    8.212577346
    4.274810465   31.817420674    6.404475153
    4.292461747   31.924948042    5.519357654
    4.310113030   32.029319524    6.050212567
    4.327764313   32.152058126    7.426166902
    4.345415596   32.301398598    9.007617791
    4.363066879   32.475957606   10.280815802
    4.380718162   32.666124387   10.496610920
    4.398369444   32.847468878    9.263873200
    4.416020727   32.993464389    6.609764200
    4.433672010   33.089103846    3.918250828
    4.451323293   33.149654316    2.879830640
    4.468974576   33.212851695    4.152389262
    4.486625859   33.311754994    6.587826050
    4.504277141   33.448916925    8.240400634
    4.521928424   33.601267494    8.318683172
    4.539579707   33.745201267    7.510487624
    4.557230990   33.875544308    6.825275004
    4.574882273   33.997021453    6.491484889
    4.592533556   34.113266146    6.251572727
    4.610184838   34.227116915    6.203701621
    4.627836121   34.347058064    7.157376734
    4.645487404   34.492912382    9.076974756
    4.663138687   34.674671482   10.924136138
    4.680789970   34.878867052   11.368184296
    4.698441253   35.075881681   10.304968801
    4.716092535   35.248860262    8.955748547
    4.733743818   35.406881482    8.777068798
    4.751395101   35.576447580   10.095876528
    4.769046384   35.774987112   11.940088115
    4.786697667   36.000645535   12.982211327
    4.804348949   36.234076167   12.860882835
    4.822000232   36.458943462   12.158049835
    4.839651515   36.673449794   11.773845100
    4.857302798   36.887869035   12.111958948
    4.874954081   37.113742259   13.167375149
    4.892605364   37.363482776   14.816866238
    4.910256646   37.647001703   16.812974410
    4.927907929   37.965591466   18.643944596
    4.945559212   38.307301813   19.432285983
    4.963210495   38.652413188   19.247466763
    4.980861778   38.995386981   19.624394332
    4.998513061   39.374478627   23.466999970
    5.016164343   39.860384588   31.630236409
    5.033815626   40.507131197   40.727612542
    5.051466909   41.270024461   43.369710498
    5.069118192   41.971626597   33.301470504
    5.086769475   42.395611765   13.675907836
    5.104420758   42.514793501    3.018475891
    5.122072040   42.740433336   30.856672725
    5.139723323   43.980794004  119.970559485
    5.157374606   47.327250834  265.799873528
    5.175025889   53.476434292  428.442645280
    5.192677172   62.217089760  549.938939673
    5.210328455   72.387584914  585.836695350
    5.227979737   82.357306385  529.414421024
    5.245631020   90.722406613  411.229296426
    5.263282303   96.790878205  276.772313537
    5.280933586  100.622903444  162.124867781
    5.298584869  102.736259832   82.953821369
    5.316236152  103.757121155   37.157850953
    5.333887434  104.190155774   14.565105921
    5.351538717  104.354091687    4.775387077
    5.369190000  104.407610725    1.199035567
