#! FIELDS d_C5Nd_1 file.free der_d_C5Nd_1
#! SET min_d_C5Nd_1 0.126148
#! SET max_d_C5Nd_1 5.3698
#! SET nbins_d_C5Nd_1  298
#! SET periodic_d_C5Nd_1 false
    0.126148000  101.886772655   -0.749744348
    0.143803394  101.856083222   -2.888185190
    0.161458788  101.755765015   -9.215283146
    0.179114182  101.469585907  -25.292506625
    0.196769576  100.743566472  -61.125360663
    0.214424970   99.109710064 -130.626858616
    0.232080364   95.850137358 -246.991642839
    0.249735758   90.088142167 -413.034458888
    0.267391152   81.074931221 -609.898566282
    0.285046545   68.626581867 -792.898877319
    0.302701939   53.505265386 -902.904951298
    0.320357333   37.456746367 -892.679729206
    0.338012727   22.744424649 -754.435708528
    0.355668121   11.331392559 -529.322471113
    0.373323515    4.135328560 -289.534538468
    0.390978909    0.785429350 -102.591039085
    0.408634303    0.000000000   -0.629461420
    0.426289697    0.316250346   26.881098824
    0.443945091    0.719739793   15.907170444
    0.461600485    0.856190553    1.125860321
    0.479255879    0.830035581   -1.726668762
    0.496911273    0.843404556    3.983260472
    0.514566667    0.957429635    7.595702882
    0.532222061    1.074315139    3.877263191
    0.549877455    1.080736147   -4.193841407
    0.567532848    0.954938751  -10.271930148
    0.585188242    0.767153244  -10.863637973
    0.602843636    0.605861512   -7.634453135
    0.620499030    0.508538149   -4.124802189
    0.638154424    0.461219348   -2.033742143
    0.655809818    0.446474393   -0.114188809
    0.673465212    0.486660974    4.631605642
    0.691120606    0.652859839   14.273998523
    0.708776000    1.031303666   28.432103806
    0.726431394    1.673149780   43.429108342
    0.744086788    2.549768111   54.105574164
    0.761742182    3.550058468   57.173629871
    0.779397576    4.539126569   53.264693206
    0.797052970    5.427807011   46.756313521
    0.814708364    6.216154848   42.515581288
    0.832363758    6.965122996   42.247097639
    0.850019152    7.731249647   43.803571442
    0.867674545    8.508396873   42.809757249
    0.885329939    9.220154623   36.041765370
    0.902985333    9.760169979   23.799085804
    0.920640727   10.059891122    9.628345250
    0.938296121   10.130742908   -1.553567482
    0.955951515   10.054670846   -6.581828656
    0.973606909    9.942435863   -5.942228705
    0.991262303    9.874801133   -2.022595797
    1.008917697    9.888715754    3.036051800
    1.026573091    9.995597243    8.344533488
    1.044228485   10.194318068   13.307607925
    1.061883879   10.461693498   15.502656016
    1.079539273   10.721088940   12.289462943
    1.097194667   10.874813142    4.090329118
    1.114850061   10.888974585   -1.672735384
    1.132505455   10.912351996    7.012615540
    1.150160848   11.290244292   39.302411294
    1.167816242   12.436342173   92.212376399
    1.185471636   14.575748515  147.976851531
    1.203127030   17.541615983  181.656942537
    1.220782424   20.767620725  176.224010188
    1.238437818   23.547506793  133.129563384
    1.256093212   25.381194797   73.397821727
    1.273748606   26.214439351   23.940746177
    1.291404000   26.398407586    1.352198674
    1.309059394   26.423034767    4.127511560
    1.326714788   26.620006771   18.027755747
    1.344370182   27.044468444   27.807089447
    1.362025576   27.548081837   26.738443744
    1.379680970   27.953937901   17.702395274
    1.397336364   28.184427195    8.250533264
    1.414991758   28.285196798    3.446849050
    1.432647152   28.348158874    3.832705639
    1.450302545   28.438592217    6.160916919
    1.467957939   28.561345670    6.936699278
    1.485613333   28.677390600    5.263673551
    1.503268727   28.752407931    2.820501024
    1.520924121   28.792425796    1.407134860
    1.538579515   28.826314380    2.358436743
    1.556234909   28.892763405    4.809968268
    1.573890303   29.002368045    7.036700725
    1.591545697   29.134760664    6.992318314
    1.609201091   29.241737042    4.323383076
    1.626856485   29.284931949   -0.014838912
    1.644511879   29.251519430   -4.071430682
    1.662167273   29.160211034   -6.356922253
    1.679822667   29.046773872   -6.619987298
    1.697478061   28.943010715   -5.454254326
    1.715133455   28.865969043   -3.648367804
    1.732788848   28.821120338   -2.022241567
    1.750444242   28.798686784   -1.143554126
    1.768099636   28.782226322   -1.396445838
    1.785755030   28.752046153   -2.625971088
    1.803410424   28.696277871   -4.095006310
    1.821065818   28.616094716   -5.312041339
    1.838721212   28.518687046   -6.131786074
    1.856376606   28.411426737   -6.409723182
    1.874032000   28.305660216   -5.761821421
    1.891687394   28.224003700   -3.752781780
    1.909342788   28.189341642   -0.505834423
    1.926998182   28.211436149    2.300049568
    1.944653576   28.266366021    2.961942383
    1.962308970   28.309645759    1.116364546
    1.979964364   28.308370116   -1.681587156
    1.997619758   28.263454303   -3.597746932
    2.015275152   28.198447894   -4.048386165
    2.032930545   28.132081303   -3.942034747
    2.050585939   28.065243107   -4.146450500
    2.068241333   27.994451553   -4.266677439
    2.085896727   27.928904626   -3.415991346
    2.103552121   27.887674551   -1.631951692
    2.121207515   27.877072803   -0.327009376
    2.138862909   27.874242254   -0.840420753
    2.156518303   27.844141115   -3.266689657
    2.174173697   27.764557727   -6.018943780
    2.191829091   27.648554111   -7.255191179
    2.209484485   27.531747065   -6.106117713
    2.227139879   27.451085033   -3.382523769
    2.244795273   27.419820851   -0.865810728
    2.262450667   27.418026844   -0.106300773
    2.280106061   27.409347719   -1.754182316
    2.297761455   27.356666333   -4.849872442
    2.315416848   27.248801485   -7.632881218
    2.333072242   27.107412608   -8.410117606
    2.350727636   26.977336936   -6.248836583
    2.368383030   26.907425327   -1.928078891
    2.386038424   26.919628839    2.674753041
    2.403693818   26.998773036    5.317446307
    2.421349212   27.097701568    4.886810365
    2.439004606   27.163408127    1.793135352
    2.456660000   27.163262623   -2.309788251
    2.474315394   27.096079862   -5.483138507
    2.491970788   26.989005054   -6.799886274
    2.509626182   26.874786595   -6.351278323
    2.527281576   26.778087487   -5.037431226
    2.544936970   26.705028785   -3.784135640
    2.562592364   26.648553259   -3.217087286
    2.580247758   26.596065214   -3.311025462
    2.597903152   26.539629678   -3.535518963
    2.615558545   26.482101679   -3.382655212
    2.633213939   26.432583222   -2.660826320
    2.650869333   26.397671253   -1.774347351
    2.668524727   26.374809560   -1.421139312
    2.686180121   26.351392744   -1.836043599
    2.703835515   26.316578669   -2.627174781
    2.721490909   26.269445986   -3.041459917
    2.739146303   26.221211924   -2.810668439
    2.756801697   26.182277451   -2.052304056
    2.774457091   26.156956126   -1.349736926
    2.792112485   26.140183221   -1.068392971
    2.809767879   26.125959690   -1.026256713
    2.827423273   26.113474308   -0.801794805
    2.845078667   26.108215233   -0.259771544
    2.862734061   26.112176508    0.110228354
    2.880389455   26.115852498   -0.340322880
    2.898044848   26.102288210   -1.781842767
    2.915700242   26.059212719   -3.592942075
    2.933355636   25.987948941   -4.790861128
    2.951011030   25.904061006   -5.009768751
    2.968666424   25.823696902   -4.522106539
    2.986321818   25.755582010   -3.665947536
    3.003977212   25.704593431   -2.530903238
    3.021632606   25.677784220   -0.932311819
    3.039288000   25.681966191    0.892347952
    3.056943394   25.715291964    2.245249231
    3.074598788   25.763088616    2.502728427
    3.092254182   25.807491276    1.975041527
    3.109909576   25.843305889    1.688820155
    3.127564970   25.881083488    2.246803360
    3.145220364   25.932542902    3.003826107
    3.162875758   25.989842994    2.716631930
    3.180531152   26.027087328    0.789710252
    3.198186545   26.022625138   -1.733539688
    3.215841939   25.982375022   -2.947163950
    3.233497333   25.940449373   -2.011465454
    3.251152727   25.928035650    0.179340993
    3.268808121   25.951622463    1.827050460
    3.286463515   25.992367008    2.047965899
    3.304118909   26.028237139    1.525870229
    3.321774303   26.056405274    1.305108289
    3.339429697   26.086632447    1.674223614
    3.357085091   26.125178326    2.120634980
    3.374740485   26.168803024    2.334625090
    3.392395879   26.216299593    2.660995402
    3.410051273   26.273728863    3.434908231
    3.427706667   26.346784940    4.231706339
    3.445362061   26.425982217    3.918171719
    3.463017455   26.484953597    2.065801137
    3.480672848   26.502957445   -0.456433018
    3.498328242   26.483703925   -1.941147110
    3.515983636   26.454774913   -1.502747843
    3.533639030   26.446992863    0.212318108
    3.551294424   26.470507489    1.839355458
    3.568949818   26.514582565    2.484550921
    3.586605212   26.561650945    2.301060693
    3.604260606   26.603896252    2.000784466
    3.621916000   26.643885034    2.045630546
    3.639571394   26.685652398    2.222427348
    3.657226788   26.727725329    1.921620197
    3.674882182   26.759114326    1.112358560
    3.692537576   26.774208615    0.188936942
    3.710192970   26.778161458   -0.147511463
    3.727848364   26.784106474    0.435777411
    3.745503758   26.805548204    1.568137046
    3.763159152   26.847548279    2.677255742
    3.780814545   26.906387669    3.407668999
    3.798469939   26.973634105    3.661130716
    3.816125333   27.039296653    3.140778100
    3.833780727   27.089783712    2.015983955
    3.851436121   27.119284236    0.899092331
    3.869091515   27.135561443    0.665391050
    3.886746909   27.159783039    1.804467188
    3.904402303   27.212572368    3.743831115
    3.922057697   27.297746922    5.221648460
    3.939713091   27.398686859    5.502927624
    3.957368485   27.494198956    4.760336960
    3.975023879   27.574773045    3.952029500
    3.992679273   27.647037237    3.848234049
    4.010334667   27.723379528    4.353370425
    4.027990061   27.808158019    4.685619003
    4.045645455   27.893147891    4.337821367
    4.063300848   27.968155845    3.698589977
    4.080956242   28.035870365    3.608138940
    4.098611636   28.109412321    4.306731191
    4.116267030   28.198876189    5.330639743
    4.133922424   28.303670505    5.946385086
    4.151577818   28.415085680    6.116134603
    4.169233212   28.527589603    6.180729405
    4.186888606   28.642133258    6.339944298
    4.204544000   28.760811715    6.701486458
    4.222199394   28.889047038    7.350113798
    4.239854788   29.033133649    8.533507587
    4.257510182   29.200586182   10.056746937
    4.275165576   29.392098810   10.976462106
    4.292820970   29.589900332   10.637427536
    4.310476364   29.768140650    8.856151183
    4.328131758   29.906684787    6.359938658
    4.345787152   30.002354361    4.174497120
    4.363442545   30.069313874    3.092794117
    4.381097939   30.128066490    3.229194467
    4.398753333   30.196256586    4.097497315
    4.416408727   30.280270948    4.933469432
    4.434064121   30.377686182    5.549488341
    4.451719515   30.485389243    6.233471363
    4.469374909   30.608933868    7.308025393
    4.487030303   30.755725089    8.926989830
    4.504685697   30.931160177   10.362476165
    4.522341091   31.125930725   11.055773572
    4.539996485   31.324144896   10.778189210
    4.557651879   31.512337829   10.039753930
    4.575307273   31.687922917    9.488412978
    4.592962667   31.857455666    9.307045860
    4.610618061   32.026038147    9.288896236
    4.628273455   32.192695906    9.025915353
    4.645928848   32.351421560    8.491166292
    4.663584242   32.501323418    8.115392846
    4.681239636   32.649505784    8.249195848
    4.698895030   32.804301724    8.728269006
    4.716550424   32.964705756    8.840014470
    4.734205818   33.119738715    8.256037207
    4.751861212   33.263328104    7.609320359
    4.769516606   33.403772077    8.066427138
    4.787172000   33.563653036    9.747890113
    4.804827394   33.757492418   11.804663836
    4.822482788   33.984333129   13.252721843
    4.840138182   34.233853058   14.611006707
    4.857793576   34.509061130   16.275499015
    4.875448970   34.817982045   18.239411409
    4.893104364   35.157983841   19.633096813
    4.910759758   35.510811617   19.580760082
    4.928415152   35.852263749   18.534066229
    4.946070545   36.170660631   17.242919509
    4.963725939   36.471069465   16.435317649
    4.981381333   36.764523267   16.718015913
    4.999036727   37.086277938   19.675822029
    5.016692121   37.491485966   26.208143495
    5.034347515   38.030055815   34.065073187
    5.052002909   38.671844104   36.466047366
    5.069658303   39.253068910   26.501703900
    5.087313697   39.553666903    6.180387449
    5.104969091   39.526938953   -5.969234973
    5.122624485   39.577947460   20.163993108
    5.140279879   40.621948000  108.506101281
    5.157935273   43.772782044  255.227935182
    5.175590667   49.759746469  420.945772546
    5.193246061   58.413713969  547.779197862
    5.210901455   68.608406763  590.583442557
    5.228556848   78.723320213  540.581763399
    5.246212242   87.323713395  426.057781580
    5.263867636   93.659318399  291.367557752
    5.281523030   97.726850665  173.769851880
    5.299178424  100.010964376   90.722816899
    5.316833818  101.137684170   41.447692101
    5.334489212  101.625820532   16.552976318
    5.352144606  101.814254159    5.532256165
    5.369800000  101.875812177    1.518412628
